1.106383428106957065e-03 4.168842648897286979e-02 -2.675193421560460166e-02
3.297033545615838095e-03 4.085947287574580311e-02 -2.752849664964612808e-02
5.453118110124792819e-03 4.023084734428699488e-02 -2.615370833851928672e-02
7.595203623201909372e-03 3.979588461962253743e-02 -2.402274266732593033e-02
9.742730197533249967e-03 3.954340039991214445e-02 -2.135492916884797199e-02
1.190593050842481300e-02 3.946817308429657889e-02 -1.842992871911333652e-02
1.407930712552301830e-02 3.956553234343996445e-02 -1.563461652579503300e-02
1.624946617314385056e-02 3.982545293111849211e-02 -1.336816817909976599e-02
1.840938470297296542e-02 4.023204224098535231e-02 -1.186226582124277548e-02
2.056245194860751094e-02 4.076846414779715377e-02 -1.114246872962129653e-02
2.271517233087872942e-02 4.142089927060318977e-02 -1.110082577183908736e-02
2.486923085626189384e-02 4.217894579596653121e-02 -1.152266549869796278e-02
2.702311785421060777e-02 4.303679688871479142e-02 -1.211607290402555437e-02
2.917535336834580981e-02 4.399726267929624651e-02 -1.261632979519712941e-02
3.132530338787827690e-02 4.507278339779300508e-02 -1.284025845385420792e-02
3.347329118922747621e-02 4.675475128180572870e-02 -1.250421450128972115e-02
3.561988538345441796e-02 4.952746256531511543e-02 -1.137696309038044654e-02
3.776516657953937067e-02 5.341365906780738693e-02 -9.436774173967179408e-03
3.990901884369036506e-02 5.843182478543083175e-02 -6.663220635136728881e-03
4.205143945500738195e-02 6.459401411489258671e-02 -3.024682622467685794e-03
4.419239598911715167e-02 7.190637023519334814e-02 1.516463491025160648e-03
4.633192296690909900e-02 8.036207242773336923e-02 6.992704625538331831e-03
4.847013774800439101e-02 8.994682589160064856e-02 1.344898918600163223e-02
5.060705868934452928e-02 1.006601589337010466e-01 2.094624070671562491e-02
5.274267108284817068e-02 1.252676388472925006e-01 3.810811084572276325e-02
5.487701872190554192e-02 1.709508528289353235e-01 6.984567791636465961e-02
5.701011996920898883e-02 2.311338653892310302e-01 1.117916514916357656e-01
5.914199856044764086e-02 2.992812208077489378e-01 1.595496054912077799e-01
6.127272433414719666e-02 3.688627753054655734e-01 2.087328515912099114e-01
6.340233246464885286e-02 4.333971460512189844e-01 2.550950989380840195e-01
6.553083925118825814e-02 4.865680369872948940e-01 2.945313420481455724e-01
6.765829373906999400e-02 5.223667400810965145e-01 3.229031021881647590e-01
6.978472892654777326e-02 5.353025238427939758e-01 3.359929203864602254e-01
7.191016821062981568e-02 5.307482467406589022e-01 3.368249456282960130e-01
7.403465807726114511e-02 5.196577925362440009e-01 3.323277863725098147e-01
7.615821774167572111e-02 5.046549174317118691e-01 3.238085717302714994e-01
7.828084056841874694e-02 4.885525069657365993e-01 3.125931474632324125e-01
8.040253706263458811e-02 4.744931549518313085e-01 3.000010796004614066e-01
8.252330714488018137e-02 4.660996637330864778e-01 2.874034180941748562e-01
8.464313614732578428e-02 4.673571813189668078e-01 2.762691933647023479e-01
8.676202211396756570e-02 4.831896692464019427e-01 2.681611342369617512e-01
8.887995211631682935e-02 5.169782961295361634e-01 2.646692546622186337e-01
9.099689593789335451e-02 6.117465496746512521e-01 2.919693298536679693e-01
9.311283288182217732e-02 8.065098151503016233e-01 3.732762808447336322e-01
9.522774566744550417e-02 1.073548444103869848e+00 4.936920345893993090e-01
9.734161491673806732e-02 1.386151779896171332e+00 6.384251354091800001e-01
9.945443130342850047e-02 1.718149309698121963e+00 7.928424463865179073e-01
1.015661906991926905e-01 2.045153662918867798e+00 9.423547937725691437e-01
1.036768890837393431e-01 2.346864540097056917e+00 1.072297130574273671e+00
1.057865302760724047e-01 2.608002801151409589e+00 1.167889234067863713e+00
1.078951165638082632e-01 2.813313903214505807e+00 1.214080285371453627e+00
1.100026407183203186e-01 2.966214155741502267e+00 1.217782185552833241e+00
1.121090980032861395e-01 3.101119072638045093e+00 1.212194140941422749e+00
1.142144838529075695e-01 3.214982347636758941e+00 1.199227339294539840e+00
1.163187864811959932e-01 3.310011528243809842e+00 1.180291035207423400e+00
1.184219959039106013e-01 3.390128349376057226e+00 1.156924774190751348e+00
1.205241102150320653e-01 3.460366734640766495e+00 1.130633908113690911e+00
1.226251347816451481e-01 3.525083876507859149e+00 1.102878348182200208e+00
1.247250829531665883e-01 3.588005861356161397e+00 1.075147896707987716e+00
1.268239716556580632e-01 3.655281373026015856e+00 1.048942621071996095e+00
1.289218151939988954e-01 3.729074817373182249e+00 1.023682361949174169e+00
1.310186297401104982e-01 3.805353392893983333e+00 9.952917298597213636e-01
1.331144360383278158e-01 3.882797016938185131e+00 9.646617201878955328e-01
1.352092552945822757e-01 3.959919498452749043e+00 9.329156382812962001e-01
1.373031115753674536e-01 4.034168877262142239e+00 9.011170926125883218e-01
1.393960305761351159e-01 4.103167464928058727e+00 8.701649817980979806e-01
1.414880307511821034e-01 4.164625772660687453e+00 8.410712404928284425e-01
1.435791271456685614e-01 4.216826859726310772e+00 8.151411962448845694e-01
1.456693324377214271e-01 4.262523045556451784e+00 7.937612944005449922e-01
1.477586420007380164e-01 4.306778939452348354e+00 7.777806997806696598e-01
1.498470384599055738e-01 4.355158157576959788e+00 7.657355142506200307e-01
1.519345061683904374e-01 4.404283039832023405e+00 7.565897464063607858e-01
1.540210324057017799e-01 4.452433973115988763e+00 7.493439736411215968e-01
1.561066075605042625e-01 4.497779165842072935e+00 7.431791349423757520e-01
1.581912229940818926e-01 4.537186404527409067e+00 7.375057037568192309e-01
1.602748613791556420e-01 4.569324028485551636e+00 7.318974495775719680e-01
1.623574967534109903e-01 4.594662724560258482e+00 7.257925277120820251e-01
1.644391065332390933e-01 4.611346949286946995e+00 7.181783124026354104e-01
1.665196866791537333e-01 4.611382486254349544e+00 7.072205991512170442e-01
1.685992533175762753e-01 4.558976160042454318e+00 6.889290875790425872e-01
1.706778315972931892e-01 4.462123766086961041e+00 6.643533404847465906e-01
1.727554541417452016e-01 4.335845604905956385e+00 6.354898742742420836e-01
1.748321614973261939e-01 4.183896785092997561e+00 6.041527220317030045e-01
1.769079996956892387e-01 4.045811501822871747e+00 5.719572829408505754e-01
1.789830097196704606e-01 3.916544717680353838e+00 5.405740323479596432e-01
1.810572239824156382e-01 3.792919644794643830e+00 5.120365218148302811e-01
1.831306742335295501e-01 3.717597611804584812e+00 4.887470694517056513e-01
1.852033846805627715e-01 3.695975561963160239e+00 4.726247724288945018e-01
1.872753668061176990e-01 3.693009486889737847e+00 4.597307881643706295e-01
1.893466285336634358e-01 3.692873391320894427e+00 4.478969639327883279e-01
1.914171765032074146e-01 3.695140235615232083e+00 4.367088107593497526e-01
1.934870144574947770e-01 3.700750657362804841e+00 4.263274041298920070e-01
1.955561457238118861e-01 3.709312716912203101e+00 4.171295556413265326e-01
1.976245728627187837e-01 3.718478888995347731e+00 4.090346764644738897e-01
1.996922960532275804e-01 3.725154185757881820e+00 4.013512380787064293e-01
2.017593148238257805e-01 3.726912481538058763e+00 3.932313702115116105e-01
2.038256276058073024e-01 3.722754008701598671e+00 3.842590438189549262e-01
2.058912298000629415e-01 3.698319293990269596e+00 3.748755712429520104e-01
2.079561155647078052e-01 3.649264711366282832e+00 3.656428349214876361e-01
2.100202823059462154e-01 3.579840985118585728e+00 3.565157047551488212e-01
2.120837340660095549e-01 3.494611627650263674e+00 3.472501877541009363e-01
2.141464796379395352e-01 3.398792565249584730e+00 3.378545642253032444e-01
2.162085308080521906e-01 3.298334719135982862e+00 3.287105544721583561e-01
2.182699038353477505e-01 3.198665477562076198e+00 3.200512943331908500e-01
2.203306188220154616e-01 3.104107473803943140e+00 3.115779031327377546e-01
2.223906969503120223e-01 3.019122494832636949e+00 3.030359237271614825e-01
2.244501576708317625e-01 2.939025356351577134e+00 2.943210058249829952e-01
2.265090196743111683e-01 2.856508729788768797e+00 2.855328388408113205e-01
2.285673027880076036e-01 2.772938890987559191e+00 2.767465776649796760e-01
2.306250267636184847e-01 2.689268540368655813e+00 2.674249997740531515e-01
2.326822116529626283e-01 2.606038266584191021e+00 2.572800168329313908e-01
2.347388775209769962e-01 2.524095287591636261e+00 2.469742245668485325e-01
2.367950396041653971e-01 2.444692510356695880e+00 2.374587674716848174e-01
2.388507087742363644e-01 2.369092698198883351e+00 2.288269462296559364e-01
2.409058957935703849e-01 2.298582589747436344e+00 2.205522112158085912e-01
2.429606107901082224e-01 2.233920448196828445e+00 2.125413426234552539e-01
2.450148632538978466e-01 2.174371275628807165e+00 2.054517866062421372e-01
2.470686629377430443e-01 2.118696872306124579e+00 1.997620645688518715e-01
2.491220183405990773e-01 2.065781607126265129e+00 1.950211664543716195e-01
2.511749364785618721e-01 2.014591577074120288e+00 1.906526999908508546e-01
2.532274248498985747e-01 1.963741865273017639e+00 1.866862106693913392e-01
2.552794934922212877e-01 1.911616965045174421e+00 1.834048453881124696e-01
2.573311554114028898e-01 1.856872533707240924e+00 1.804707985367101641e-01
2.593824254027651821e-01 1.798381168799229046e+00 1.771809261439128980e-01
2.614333209470424690e-01 1.734345763930934536e+00 1.733297562172103623e-01
2.634838627745361150e-01 1.663089051593821921e+00 1.690317745683690975e-01
2.655340734833591121e-01 1.586334011349824769e+00 1.642684997671443881e-01
2.675839753012712596e-01 1.506162732112887870e+00 1.584796992442467911e-01
2.696335892280141699e-01 1.424757260706868589e+00 1.519069067491252978e-01
2.716829365232636961e-01 1.344336215140550461e+00 1.455612731244483316e-01
2.737320387867750449e-01 1.266904256689420194e+00 1.396303699250708852e-01
2.757809174152004994e-01 1.194397676562512167e+00 1.334674389604852962e-01
2.778295942224546788e-01 1.128965280967366702e+00 1.273028059349178287e-01
2.798780890885632089e-01 1.071547954782099410e+00 1.222770406582334851e-01
2.819264174446849402e-01 1.017023494127390348e+00 1.179013859310946155e-01
2.839745928223940119e-01 9.646200105666176139e-01 1.131872095774505843e-01
2.860226287216684482e-01 9.144496547201100833e-01 1.080790225144905164e-01
2.880705381097857232e-01 8.668229020046271938e-01 1.035718913478164693e-01
2.901183338960031111e-01 8.220503148812905447e-01 9.981889144322880769e-02
2.921660292831251282e-01 7.803042012866081567e-01 9.605609288137137436e-02
2.942136375101328527e-01 7.417071268648408600e-01 9.236744848467073887e-02
2.962611720308420127e-01 7.065156697206430580e-01 8.954373482065139389e-02
2.983086460592595524e-01 6.749048983876327901e-01 8.737162935941121533e-02
3.003560713572124841e-01 6.461855209408228218e-01 8.523077787531450900e-02
3.024034587734284463e-01 6.197589557629082924e-01 8.355084287799575959e-02
3.044508188557222272e-01 5.952222936350861637e-01 8.278610030039718071e-02
3.064981608392863821e-01 5.723057972470226851e-01 8.210453159807512558e-02
3.085454929844284044e-01 5.506462416673710836e-01 8.102622485212322700e-02
3.105928237351647248e-01 5.296469531742378223e-01 8.026877156069471553e-02
3.126401621344140347e-01 5.088824528550391912e-01 7.976378179293379389e-02
3.146875177876862217e-01 4.881879743417937290e-01 7.842758071561217736e-02
3.167349004024432313e-01 4.671053603871794246e-01 7.636307860069239950e-02
3.187823190656381422e-01 4.452401346839577889e-01 7.433213545003930500e-02
3.208297822855043502e-01 4.227169980065200727e-01 7.179764761990545252e-02
3.228772985643458826e-01 4.004648505549905368e-01 6.819629840039810598e-02
3.249248762129866019e-01 3.792217277106435525e-01 6.440555434608138952e-02
3.269725233122397490e-01 3.582596939564821059e-01 6.073845282894736741e-02
3.290202478756753535e-01 3.369521710961828620e-01 5.643801478355740114e-02
3.310680573200167620e-01 3.163194323849896072e-01 5.198300344414368002e-02
3.331159583595748042e-01 2.975122172868264192e-01 4.826744236396941778e-02
3.351639576459784498e-01 2.803135207454135469e-01 4.477903129479301331e-02
3.372120624201152550e-01 2.635307278827151434e-01 4.120424427447449273e-02
3.392602806560631734e-01 2.476354424768594520e-01 3.829331958719242590e-02
3.413086205500320824e-01 2.331105340558783656e-01 3.585274035450775054e-02
3.433570896187326249e-01 2.198552163254517688e-01 3.354728263005944677e-02
3.454056943948864977e-01 2.078220687100847397e-01 3.192394507174313445e-02
3.474544410472907296e-01 1.969435830351732031e-01 3.075054747445827089e-02
3.495033349350783469e-01 1.869741414977829363e-01 2.956330895707680317e-02
3.515523801513384949e-01 1.777120987384579187e-01 2.891600719775624939e-02
3.536015802898268001e-01 1.691844556383805820e-01 2.862379753904872870e-02
3.556509391389026109e-01 1.608366328584611427e-01 2.795936985662268726e-02
3.577004608454855128e-01 1.528197629447803907e-01 2.752126183620104069e-02
3.597501497234105727e-01 1.452910593126351957e-01 2.727175389827356244e-02
3.618000098735190129e-01 1.382703050738594563e-01 2.633688969119094003e-02
3.638500449622913968e-01 1.319420295513250019e-01 2.536630583231358829e-02
3.659002584193946639e-01 1.267421045591249629e-01 2.460296974159972491e-02
3.679506532726187773e-01 1.229850456901536437e-01 2.315262837363741763e-02
3.700012317039640952e-01 1.208233320366691455e-01 2.155874186800015371e-02
3.720519953699653048e-01 1.203259204696434104e-01 2.019950413539259304e-02
3.741029455695680794e-01 1.203286141245408780e-01 1.835728299276945599e-02
3.761540828742877540e-01 1.205526703855341608e-01 1.650060299007291564e-02
3.782054073381120873e-01 1.208502164600710055e-01 1.489592508249607677e-02
3.802569188474276829e-01 1.210707660816893461e-01 1.308291681945598917e-02
3.823086171108290854e-01 1.214128902281949168e-01 1.151344732640929153e-02
3.843605016894859339e-01 1.220231070610048596e-01 1.017948603266626006e-02
3.864125729290783240e-01 1.225537688625239069e-01 8.900757239805660165e-03
3.884648339788462357e-01 1.228141235374282797e-01 8.032944254062434480e-03
3.905172902774748378e-01 1.232128456583915371e-01 7.243351125521785977e-03
3.925699478589151359e-01 1.242333366327652427e-01 6.761987583939116364e-03
3.946228137031109195e-01 1.255387342185241006e-01 6.711057195470965242e-03
3.966758956516623913e-01 1.269260763879774268e-01 6.480210084161986545e-03
3.987292017883983242e-01 1.285135623506007407e-01 6.593462709328649224e-03
4.007827402048512733e-01 1.301896603716790612e-01 6.848655865810297089e-03
4.028365190056591438e-01 1.314917385243369041e-01 6.751001665987715894e-03
4.048905464173652713e-01 1.322892217172991769e-01 6.923734465579589603e-03
4.069448307163558987e-01 1.327704933829853273e-01 6.781361140509291341e-03
4.089993802369800147e-01 1.327929984231550342e-01 6.337879122196680981e-03
4.110542029667660913e-01 1.323606269097294397e-01 6.069964113855245286e-03
4.131093035229747024e-01 1.316662955654214484e-01 5.343592527174142320e-03
4.151646824996259033e-01 1.307812182372104504e-01 4.559921190179457018e-03
4.172203395350256305e-01 1.296540139296292193e-01 3.675352532003690886e-03
4.192762752958309469e-01 1.283936660453977863e-01 2.528493901766411256e-03
4.213324918064497160e-01 1.270733579249681000e-01 1.495169070503565845e-03
4.233889914629187512e-01 1.256602514719029617e-01 3.058891102095985526e-04
4.254457753954682953e-01 1.242413245759190904e-01 -7.902101643722271584e-04
4.275028428549825787e-01 1.227538484693456999e-01 -1.850586068383470312e-03
4.295601926028121409e-01 1.207114518322545266e-01 -2.816966936210155148e-03
4.316178263809791193e-01 1.181336684655985431e-01 -3.584006284654057961e-03
4.336757507208032769e-01 1.152323024182797806e-01 -4.258612971022771032e-03
4.357339743349116223e-01 1.122949695549829985e-01 -4.677892877374259517e-03
4.377925065751938627e-01 1.097468648270469721e-01 -5.091916279639629311e-03
4.398513576864071517e-01 1.078375615187658482e-01 -5.206587198952259549e-03
4.419105384919737589e-01 1.065225411873500505e-01 -5.267939887804641563e-03
4.439700601318907203e-01 1.060702471172372818e-01 -5.249921729015498417e-03
4.460299340795157996e-01 1.062960253470224825e-01 -5.092772656788042973e-03
4.480901721005482452e-01 1.068572613969487467e-01 -4.998290525244843130e-03
4.501507853874647802e-01 1.077858980792004567e-01 -4.726443433922027093e-03
4.522117834580999807e-01 1.087497107083681552e-01 -4.613839886805498613e-03
4.542731748705637340e-01 1.097622582169047734e-01 -4.458374106320286967e-03
4.563349675864087351e-01 1.109615915094570998e-01 -4.472613144044630673e-03
4.583971678874374511e-01 1.122050481980517989e-01 -4.590642646138919092e-03
4.604597809532812169e-01 1.134415666661226646e-01 -4.790914129319631676e-03
4.625228121677001925e-01 1.146259061970765769e-01 -5.174761429650471395e-03
4.645862675744951154e-01 1.162181491849843540e-01 -5.585101635760127137e-03
4.666501537608838124e-01 1.181897264316003754e-01 -6.048377653649791158e-03
4.687144771697338008e-01 1.203075676141676931e-01 -6.507252344766404489e-03
4.707792431596901639e-01 1.223593499196162365e-01 -6.940676284916253574e-03
4.728444561807600977e-01 1.242200835328992198e-01 -7.338779354266224131e-03
4.749101209732998208e-01 1.257688106743188317e-01 -7.674333275503607971e-03
4.769762437949215950e-01 1.268064321431046915e-01 -7.931984831765784283e-03
4.790428323414229750e-01 1.272041734162729643e-01 -8.087023590555736732e-03
4.811098945948560357e-01 1.270610069389376817e-01 -8.159675028840886191e-03
4.831774381490535064e-01 1.268779024328385574e-01 -8.113643505109456242e-03
4.852454701885432486e-01 1.266171154267439758e-01 -7.984653097302342808e-03
4.873139979533814281e-01 1.262962684825104376e-01 -7.787467591831518862e-03
4.893830289457367644e-01 1.259573193784335188e-01 -7.562877685097901120e-03
4.914525709494841910e-01 1.255406348464744859e-01 -7.350495870754690866e-03
4.935226318339090978e-01 1.250425242377249391e-01 -7.187159856088223137e-03
4.955932187604090711e-01 1.245018965454436771e-01 -7.115923857199961747e-03
4.976643379522655564e-01 1.239373720859779232e-01 -7.155457332590842504e-03
4.997359953825011858e-01 1.218233894649028981e-01 -7.305729922373910279e-03
5.018081968202865450e-01 1.178026027399970421e-01 -7.554625029607376155e-03
5.038809477238407331e-01 1.124128758913990334e-01 -7.907672107235849679e-03
5.059542534890356658e-01 1.062143767645385567e-01 -8.327864831148546615e-03
5.080281197396990800e-01 9.975532269107577343e-02 -8.817768334450987872e-03
5.101025524250443199e-01 9.356922100179433655e-02 -9.276576221418962945e-03
5.121775576339964164e-01 8.822286890807061466e-02 -9.770766701421280606e-03
5.142531410590861496e-01 8.423030551815502420e-02 -1.019333153819809712e-02
5.163293076761088507e-01 8.162418630015896848e-02 -1.058697675271859893e-02
5.184060621337821528e-01 7.914935389706677371e-02 -1.084370952311039006e-02
5.204834087075862481e-01 7.683709416065921671e-02 -1.102860825106049929e-02
5.225613509594654316e-01 7.475323320172395924e-02 -1.115728033636062891e-02
5.246398920865319448e-01 7.293611704621971725e-02 -1.116399744660908841e-02
5.267190354149265952e-01 7.140712752043192058e-02 -1.113562860119040807e-02
5.287987845823687305e-01 7.028582820971798761e-02 -1.099432372317100080e-02
5.308791434122631658e-01 6.959863699832376238e-02 -1.087154818211855112e-02
5.329601157366248287e-01 6.948404556501411311e-02 -1.071266421928873842e-02
5.350417053648865995e-01 7.025195642309285671e-02 -1.044689631526160567e-02
5.371239160896282838e-01 7.178260838952407741e-02 -1.019804241282914678e-02
5.392067516578693542e-01 7.378010792707317966e-02 -9.863183268525610795e-03
5.412902156864168868e-01 7.593322588478393365e-02 -9.588585912973590988e-03
5.433743116888730684e-01 7.812440906752224357e-02 -9.309470085781141116e-03
5.454590430535070089e-01 7.998667133659845274e-02 -9.063452901415594565e-03
5.475444128243399655e-01 8.126988812844061771e-02 -8.968659612296939199e-03
5.496304237562015249e-01 8.177750809702022394e-02 -8.865066819796502823e-03
5.517170788015709482e-01 8.154833010491217837e-02 -8.893683471447613037e-03
5.538043819208277041e-01 8.086842154874911148e-02 -8.984683960557970223e-03
5.558923379728627490e-01 7.968733777191158718e-02 -9.034191753748166756e-03
5.579809517755250914e-01 7.818646966620990124e-02 -9.153552835730969367e-03
5.600702272816815430e-01 7.651446214017081082e-02 -9.273833710731666652e-03
5.621601675871104042e-01 7.474547319270506696e-02 -9.323826642783947932e-03
5.642507756519602458e-01 7.294592863162013829e-02 -9.402674050495062746e-03
5.663420547420686679e-01 7.115748422179425658e-02 -9.452335076735670846e-03
5.684340084528991532e-01 6.944431615101284705e-02 -9.384753932509695348e-03
5.705266404125322044e-01 6.752756168921207613e-02 -9.362240519064486677e-03
5.726199541353388378e-01 6.537011927520508525e-02 -9.309853762211106609e-03
5.747139530041612820e-01 6.307950766764060246e-02 -9.132354602577781588e-03
5.768086403739702828e-01 6.080174939678453794e-02 -9.009341013034605217e-03
5.789040199392979646e-01 5.862452174470922373e-02 -8.891424655928462789e-03
5.810000958649375047e-01 5.669160423070648824e-02 -8.638722803846192455e-03
5.830968724086582622e-01 5.512255908799719439e-02 -8.429127048667821309e-03
5.851943531794981945e-01 5.395285836429498938e-02 -8.344415003100524170e-03
5.872925408477823739e-01 5.297015763603371563e-02 -8.167773856815885303e-03
5.893914377306450625e-01 5.213413289753148633e-02 -8.002767248982158715e-03
5.914910463838514154e-01 5.139851667363209975e-02 -8.002934067046704736e-03
5.935913697771987296e-01 5.068925647760608166e-02 -7.923676513017832365e-03
5.956924110973749187e-01 5.002313974420218717e-02 -7.739789129535231890e-03
5.977941745415514818e-01 4.940841972423676981e-02 -7.678344393942016302e-03
5.998966661091240660e-01 4.880154387397544341e-02 -7.679056912261324717e-03
6.019998926921913407e-01 4.816876799246428559e-02 -7.618361226217688388e-03
6.041038615424346725e-01 4.742505399658708543e-02 -7.478647207831585868e-03
6.062085805366181912e-01 4.660144748762976019e-02 -7.449612032966291576e-03
6.083140579074995946e-01 4.581334786006532878e-02 -7.476259457611540531e-03
6.104203023244810788e-01 4.510128023097022959e-02 -7.438241930065313777e-03
6.125273233811979745e-01 4.444490695759829857e-02 -7.325104559840811547e-03
6.146351312529204636e-01 4.389708219839506126e-02 -7.140728759004339246e-03
6.167437359570311362e-01 4.355662017108233308e-02 -6.957662620858870266e-03
6.188531469268544472e-01 4.346300228008233291e-02 -6.735569833175041390e-03
6.209633732029612441e-01 4.390483573602019240e-02 -6.399345050021165021e-03
6.230744233044172020e-01 4.493567676730388788e-02 -5.969069977873948940e-03
6.251863042311632812e-01 4.637602399281707394e-02 -5.489742522140599566e-03
6.272990218277283425e-01 4.797066944769048241e-02 -4.970863961009797626e-03
6.294125822419430749e-01 4.953040232889607125e-02 -4.366070521391302202e-03
6.315269931852039997e-01 5.088565618186721012e-02 -3.934306493257331942e-03
6.336422636810064013e-01 5.182502227053083915e-02 -3.588888015502071996e-03
6.357584031131556790e-01 5.213099866076684186e-02 -3.046344113740918035e-03
6.378754215611787126e-01 5.200707383776226322e-02 -2.713794897209175286e-03
6.399933297390617559e-01 5.163604255812122290e-02 -2.797664039100123366e-03
6.421121388715071987e-01 5.107699388680426306e-02 -3.032562661917208476e-03
6.442318621362378428e-01 5.041436871051700047e-02 -3.103301972193293033e-03
6.463525146810791266e-01 4.963258146206376425e-02 -2.981135549885993719e-03
6.484741123032593535e-01 4.873121263982081730e-02 -2.821575709504723847e-03
6.505966721061777758e-01 4.775638404665091125e-02 -2.559884327820235918e-03
6.527202126400623028e-01 4.665448303741726727e-02 -2.278501266490608711e-03
6.548447529945141676e-01 4.482715154846808603e-02 -2.198896489594295324e-03
6.569703132217421526e-01 4.238221497305878771e-02 -2.140431254889723408e-03
6.590969145282630226e-01 3.956777781907783176e-02 -2.057346302112315461e-03
6.612245782936158056e-01 3.662663421278909703e-02 -1.987074316060623552e-03
6.633533237359372503e-01 3.398450200304842239e-02 -1.873789763484852433e-03
6.654831670844142399e-01 3.196739566225477447e-02 -1.738912752726448456e-03
6.676141237266656203e-01 3.081619789377732996e-02 -1.560558291217064002e-03
6.697462112620578001e-01 3.072304814162697684e-02 -1.334254742936713013e-03
6.718794506314323955e-01 3.111042080333410731e-02 -1.117482682642223502e-03
6.740138642318312945e-01 3.175469991309682466e-02 -8.995926816634815769e-04
6.761494762369311129e-01 3.265283340071094276e-02 -6.246278288710447116e-04
6.782863137048703583e-01 3.368035546305814254e-02 -2.517952164960510913e-04
6.804244051485723865e-01 3.461350446741073145e-02 2.023771534392019948e-04
6.825637815683025522e-01 3.534188200246028699e-02 6.672010776588854775e-04
6.847044784727606137e-01 3.570199829858509977e-02 1.069373963152627730e-03
6.868465338201596992e-01 3.568699313032409198e-02 1.418933799873642407e-03
6.889899878873410044e-01 3.567793714302464059e-02 1.753164302214102249e-03
6.911348854598741154e-01 3.564754319240825281e-02 2.070524110455304427e-03
6.932812740613337743e-01 3.559147954459587065e-02 2.393164895619926888e-03
6.954292048325277920e-01 3.554548810689771299e-02 2.737179900572352977e-03
6.975787369987990205e-01 3.543061103063365608e-02 3.086083017632656501e-03
6.997299351173316140e-01 3.534195810777861213e-02 3.432449591501301241e-03
7.018828641509657906e-01 3.532546065967284016e-02 3.771053809763459316e-03
7.040375884366928405e-01 3.451714554329606693e-02 4.094327423932654642e-03
7.061941718853141925e-01 3.275917519021728785e-02 4.407391969777806756e-03
7.083526809596701890e-01 3.044441237810292106e-02 4.706762070082266998e-03
7.105131901212662360e-01 2.780973425918579003e-02 5.000906103026876368e-03
7.126757802205910819e-01 2.513706672673892556e-02 5.304300069823766201e-03
7.148405346664902238e-01 2.276565130027149303e-02 5.618589294578936119e-03
7.170075429196648420e-01 2.096906204591582334e-02 5.947884904179861695e-03
7.191768997639151895e-01 1.982923780894889007e-02 6.295794438865795657e-03
7.213486967092815894e-01 1.881135285585293707e-02 6.656797236086598943e-03
7.235230054380510367e-01 1.787431659544777909e-02 7.032205754764812855e-03
7.256998783372985429e-01 1.702538341112369916e-02 7.411768382349715259e-03
7.278793644179194500e-01 1.624647782645954885e-02 7.792396707705136726e-03
7.300615152059041213e-01 1.559510989575586121e-02 8.180115025499916370e-03
7.322463849039252404e-01 1.507797004303990454e-02 8.568297835761799069e-03
7.344340277631452585e-01 1.463879356000895651e-02 8.955639461554608383e-03
7.366244963194633621e-01 1.431907939296168074e-02 9.362000059877827185e-03
7.388178411537426049e-01 1.409345637820773149e-02 9.784261675418291435e-03
7.410141119380367902e-01 1.388437535978006253e-02 1.021446212794628432e-02
7.432133580663511374e-01 1.368893689200414293e-02 1.064678901171847193e-02
7.454156287458717500e-01 1.345036964612050107e-02 1.107071681919145553e-02
7.476209717580811764e-01 1.313473094885649929e-02 1.147638159298564053e-02
7.498294238741667339e-01 1.271793252448753103e-02 1.185437104209760041e-02
7.520410063852184246e-01 1.160590401831612835e-02 1.220319407098561029e-02
7.542557346043246014e-01 9.732407111147674608e-03 1.252918541770439535e-02
7.564736273101109187e-01 7.399789042748738943e-03 1.283908296345210795e-02
7.586947095371011640e-01 4.900170327712616292e-03 1.314281237193773606e-02
7.609190097692782873e-01 2.552392152040581196e-03 1.344380534121882020e-02
7.631465778103021513e-01 6.268030866624404573e-04 1.375264884771288700e-02
7.653775017535177083e-01 -5.853314005013412081e-04 1.408013683347833847e-02
7.676118881214155643e-01 -1.424025869870720364e-03 1.442125902841964562e-02
7.698498335759388356e-01 -2.167832935417794617e-03 1.475778108298901430e-02
7.720914132103569028e-01 -2.806909194932507862e-03 1.510058814637926274e-02
7.743366905438272552e-01 -3.380173303065492178e-03 1.546286212563855941e-02
7.765857278823002918e-01 -3.890675677463364610e-03 1.582747005193597262e-02
7.788385856740902558e-01 -4.329259427384533378e-03 1.618598350438165898e-02
7.810953233779521776e-01 -4.726647944380966276e-03 1.653824830926056005e-02
7.833560005671186266e-01 -5.030339165065496852e-03 1.690273835245882997e-02
7.856206768497451254e-01 -5.255925669693291974e-03 1.727743057878067257e-02
7.878894120031866288e-01 -5.469823478571059043e-03 1.765560487842948029e-02
7.901622631445535117e-01 -5.704964420402428883e-03 1.802523673209426025e-02
7.924392786301980296e-01 -5.983154540095585519e-03 1.838289724289667720e-02
7.947205002554627029e-01 -6.348127725013930252e-03 1.872469570449004223e-02
7.970059649436970206e-01 -7.086224495414510105e-03 1.904583082765067686e-02
7.992956945729542406e-01 -8.364330047098064713e-03 1.935989733437182975e-02
8.015896984736158304e-01 -9.943068460261904329e-03 1.966860968907747920e-02
8.038879825904177157e-01 -1.156553920023863091e-02 1.997496245874407633e-02
8.061905461762965963e-01 -1.299468918273912789e-02 2.026122433316277990e-02
8.084973822733863003e-01 -1.397658423082919453e-02 2.053339573265811763e-02
8.108084834130875329e-01 -1.441356673505233936e-02 2.081243248135044438e-02
8.131238460503372734e-01 -1.478005342865020000e-02 2.107809864730660412e-02
8.154434706607036620e-01 -1.510165900262547441e-02 2.132855008656916324e-02
8.177673596909881271e-01 -1.535443740717459468e-02 2.156963373961262934e-02
8.200955234902753688e-01 -1.550881574049050617e-02 2.180734687023017787e-02
8.224279813013195550e-01 -1.557928530323837019e-02 2.204779291723566598e-02
8.247647547683506497e-01 -1.548553842827641962e-02 2.235983742706924154e-02
8.271058664017018058e-01 -1.513279676815677474e-02 2.271471792455264857e-02
8.294513397213806316e-01 -1.463441390776682935e-02 2.303461706419077798e-02
8.318011972138903420e-01 -1.409714174052850363e-02 2.334422526569660331e-02
8.341554475996479923e-01 -1.363875952316260035e-02 2.355248715276834354e-02
8.365140806748140312e-01 -1.337337162466551918e-02 2.366566088553051159e-02
8.388770791246445979e-01 -1.363967997013270858e-02 2.374140981290619179e-02
8.412444230608567830e-01 -1.463652403835090897e-02 2.380201658796723616e-02
8.436160891457260558e-01 -1.601023226281688902e-02 2.386129041974470455e-02
8.459920522295127920e-01 -1.738947825829818827e-02 2.391156612457690650e-02
8.483722889068143758e-01 -1.841131348343184870e-02 2.394558890685578173e-02
8.507567793845952631e-01 -1.871169387523469521e-02 2.398109741931024608e-02
8.531455050858212097e-01 -1.871970143304715201e-02 2.400588410170150303e-02
8.555384492595701218e-01 -1.864086022879462082e-02 2.403034827641612609e-02
8.579355992741851678e-01 -1.845506787982077387e-02 2.406536938953807853e-02
8.603369441691587349e-01 -1.817373076200523574e-02 2.408815356104609257e-02
8.627424744184624128e-01 -1.777934804340411401e-02 2.409340815293935581e-02
8.651521844415399620e-01 -1.584167560426602561e-02 2.273923639481431960e-02
8.675660706856451743e-01 -1.137465263985596754e-02 1.903650457830664833e-02
8.699841334162352613e-01 -5.879539434098051374e-03 1.421076811559842876e-02
8.724063830825525834e-01 -9.050064355876312602e-04 9.509509630340794509e-03
8.748328369473652444e-01 2.013952824911216001e-03 6.189948091572154178e-03
8.772635131676788101e-01 2.558195659715776886e-03 4.593698266695608531e-03
8.796984305596911025e-01 2.876036638586158128e-03 3.237287568161218744e-03
8.821376084133648598e-01 3.085635426191298165e-03 2.112147779960531040e-03
8.845810654178982713e-01 3.214436959486977486e-03 1.279112906307259710e-03
8.870288178571500426e-01 3.300272866081024967e-03 8.001487332961392885e-04
8.894808800161674300e-01 3.359748108338735193e-03 6.075606562838733191e-04
8.919372665896243557e-01 3.388748580710353522e-03 4.513693767308885312e-04
8.943979950632644504e-01 3.406421525036578205e-03 3.313324981322177034e-04
8.968630853259152991e-01 3.447820635481232618e-03 2.560872552495689885e-04
8.993325551235639148e-01 3.535912639505691020e-03 2.279469390699321424e-04
9.018064110635821695e-01 3.758310408686978306e-03 2.388068179245192012e-04
9.042846488064802957e-01 4.102340424044988686e-03 2.688253967612446154e-04
9.067672611350007239e-01 4.453247752034345842e-03 3.030568140155281672e-04
9.092542388482467430e-01 4.703760521738384673e-03 3.269429167175799266e-04
9.117455705933116272e-01 4.724973162166354497e-03 3.267031496010477151e-04
9.142412430227345732e-01 4.384402085484398991e-03 3.058502741729631218e-04
9.167412371219280098e-01 3.823498301961467376e-03 2.739320152172814880e-04
9.192455274084531114e-01 3.232607569882902775e-03 2.390095665196772677e-04
9.217540858092994061e-01 2.801759287979558623e-03 2.095586335580479451e-04
9.242668835186070853e-01 2.524417232116911349e-03 1.843835117667972203e-04
9.267838911158161608e-01 2.266898982081802429e-03 1.578617171004084848e-04
9.293050763535762870e-01 2.060215251566796264e-03 1.351360494557404758e-04
9.318303876306738287e-01 1.944176688805724631e-03 1.208425585679291392e-04
9.343597460777596231e-01 1.972676984011189402e-03 1.187493968073763428e-04
9.368930603786387312e-01 2.143383218020215603e-03 1.277125563915694679e-04
9.394302268223271302e-01 2.360990274122748249e-03 1.397756731375459705e-04
9.419711236573881097e-01 2.506895564211042773e-03 1.484834192687415049e-04
9.445156208980142187e-01 2.484451426393463440e-03 1.471675946093133612e-04
9.470636135017791446e-01 2.350620378015767439e-03 1.392475678278983658e-04
9.496150436468088207e-01 2.182274382708061962e-03 1.304577078743241272e-04
9.521698753483794908e-01 2.061749158231371021e-03 1.233795271912896591e-04
9.547280819008133745e-01 2.058764052190394621e-03 1.207445517785836340e-04
9.572896559052531673e-01 2.098780706635137300e-03 1.201256584115329828e-04
9.598546000105065978e-01 2.138814877948492284e-03 1.199612385312046070e-04
9.624229328693273411e-01 2.161869373346972985e-03 1.194165124641362135e-04
9.649947103654586966e-01 2.145740950668638142e-03 1.169195453107687590e-04
9.675700103553006581e-01 2.057436807162924767e-03 1.109922145359580332e-04
9.701488939580081849e-01 1.914429241568434571e-03 1.025366024545006972e-04
9.727313778761268459e-01 1.739340776590860439e-03 9.254599764223497978e-05
9.753174500858204921e-01 1.549988553979190836e-03 8.238520645140126749e-05
9.779070620347763976e-01 1.371102683177147794e-03 7.331219020691108587e-05
9.805000620100139397e-01 1.222002784360780346e-03 6.625303839013120674e-05
9.830962263908602505e-01 1.119621744713147383e-03 6.241509347725347605e-05
9.856951958149582360e-01 1.080630304071810441e-03 6.300156793811102524e-05
9.882961401655008249e-01 1.122416021626976681e-03 6.922646240151966637e-05
9.908978439013863548e-01 1.274031741465492425e-03 8.230278304872446675e-05
9.934992159642080933e-01 1.559740704723908133e-03 1.034356922926461711e-04
9.960998609091601397e-01 1.977633605123769577e-03 1.338260155637713842e-04
9.987000088506499118e-01 2.528530641126678843e-03 1.746784105972644917e-04
