0.000000000000000000e+00 4.217544050848803794e-02 -2.540464547331425238e-02
5.000000000000000104e-03 4.009502107343811822e-02 -2.565365668795605361e-02
1.000000000000000021e-02 3.946903608990893347e-02 -1.820906173328169092e-02
1.499999999999999944e-02 4.016843932208416512e-02 -1.201133634185231995e-02
2.000000000000000042e-02 4.191414409880393072e-02 -1.133952467580409164e-02
2.500000000000000139e-02 4.446753684892420372e-02 -1.275922285858976588e-02
2.999999999999999889e-02 5.050296736442286272e-02 -1.092306091196902293e-02
3.500000000000000333e-02 6.527072379535422963e-02 -2.614485059650061526e-03
4.000000000000000083e-02 8.917064288113486781e-02 1.291741680186349675e-02
4.499999999999999833e-02 1.580474011117917466e-01 6.087680346384551078e-02
5.000000000000000278e-02 3.401447603105730577e-01 1.883558100420891224e-01
5.500000000000000028e-02 5.042757032816218565e-01 3.081453569701116391e-01
5.999999999999999778e-02 5.286206122043033417e-01 3.363698282119618743e-01
6.500000000000000222e-02 4.870222611438200788e-01 3.113808419528319438e-01
7.000000000000000666e-02 4.672335301040454469e-01 2.767859224343785507e-01
7.499999999999999722e-02 5.863325768807398086e-01 2.836206532228720545e-01
8.000000000000000167e-02 1.270949578066512986e+00 5.848827450612816836e-01
8.500000000000000611e-02 2.198458269772029627e+00 1.010158072410203722e+00
8.999999999999999667e-02 2.870596021984813895e+00 1.216127572370645948e+00
9.500000000000000111e-02 3.235750575608416835e+00 1.195886867214755789e+00
1.000000000000000056e-01 3.464537256582364222e+00 1.128949849593095189e+00
1.049999999999999961e-01 3.649832892999062217e+00 1.050944029834333548e+00
1.100000000000000006e-01 3.866083715217578209e+00 9.713872004104370239e-01
1.150000000000000050e-01 4.079654700336802442e+00 8.808930446562551753e-01
1.199999999999999956e-01 4.240717087523185214e+00 8.035343398289402916e-01
1.250000000000000000e-01 4.373759274367079897e+00 7.619929819517926584e-01
1.300000000000000044e-01 4.508063296382576191e+00 7.417461062935525318e-01
1.350000000000000089e-01 4.597101340719749629e+00 7.250033844025643992e-01
1.400000000000000133e-01 4.559882599456799745e+00 6.892073458018735943e-01
1.449999999999999900e-01 4.204749388163813606e+00 6.086255395519478695e-01
1.499999999999999944e-01 3.821452675139489941e+00 5.191648616350829082e-01
1.549999999999999989e-01 3.693570308506831879e+00 4.645734834763145527e-01
1.600000000000000033e-01 3.697401264196884974e+00 4.315695643311114882e-01
1.650000000000000078e-01 3.721347205521424062e+00 4.062685882058252318e-01
1.700000000000000122e-01 3.719753913187687111e+00 3.820865052266589346e-01
1.750000000000000167e-01 3.571248093993535822e+00 3.554997395288155282e-01
1.799999999999999933e-01 3.299662943614025234e+00 3.288286438748294627e-01
1.849999999999999978e-01 3.030426791272935017e+00 3.042145838892768017e-01
1.900000000000000022e-01 2.794767020764009402e+00 2.790749292383706837e-01
1.950000000000000067e-01 2.555416386184194533e+00 2.508919296471902038e-01
2.000000000000000111e-01 2.333890755014131457e+00 2.247376771979444077e-01
2.050000000000000155e-01 2.153753317536596157e+00 2.032497570755428806e-01
2.099999999999999922e-01 2.002604843690943603e+00 1.896751482265917887e-01
2.149999999999999967e-01 1.850805111620623000e+00 1.801374163750697754e-01
2.200000000000000011e-01 1.664809363656695851e+00 1.691368979003505524e-01
2.250000000000000056e-01 1.437366346698983666e+00 1.529240829029361037e-01
2.300000000000000100e-01 1.214713859269592300e+00 1.352597122744482461e-01
2.350000000000000144e-01 1.039968667577960248e+00 1.197580426836711426e-01
2.399999999999999911e-01 8.934317056028272530e-01 1.060380828033370137e-01
2.449999999999999956e-01 7.686958237031026320e-01 9.494317965531338943e-02
2.500000000000000000e-01 6.705136868683306828e-01 8.705048780443615242e-02
2.550000000000000044e-01 5.952568763704315646e-01 8.278715160321759026e-02
2.600000000000000089e-01 5.328473224077242554e-01 8.036562591019498492e-02
2.650000000000000133e-01 4.736842329407799368e-01 7.702714605517038682e-02
2.700000000000000178e-01 4.107920579499692026e-01 6.996646986179168304e-02
2.750000000000000222e-01 3.503900228312616383e-01 5.920767209818183358e-02
2.800000000000000266e-01 2.939285573039486232e-01 4.754925249504945300e-02
2.850000000000000311e-01 2.471626778060377894e-01 3.821086174179826045e-02
2.899999999999999800e-01 2.094813386539256528e-01 3.212524370647533434e-02
2.949999999999999845e-01 1.806291526825413996e-01 2.907579820166587836e-02
2.999999999999999889e-01 1.568382946542451473e-01 2.771748907392850361e-02
3.049999999999999933e-01 1.362598353035963661e-01 2.603728308434962932e-02
3.099999999999999978e-01 1.226801923954579376e-01 2.298149100190082297e-02
3.150000000000000022e-01 1.203281695377553667e-01 1.852032765543365489e-02
3.200000000000000067e-01 1.210018637674319109e-01 1.359564891370263796e-02
3.250000000000000111e-01 1.223174392118355353e-01 9.502117331939183634e-03
3.300000000000000155e-01 1.234368430429934188e-01 7.062877665726833426e-03
3.350000000000000200e-01 1.270365007234448562e-01 6.481181972775668099e-03
3.400000000000000244e-01 1.313356794164358687e-01 6.756790348961421756e-03
3.450000000000000289e-01 1.327896536162849195e-01 6.508272103741565527e-03
3.500000000000000333e-01 1.313443494828876734e-01 5.044741098514471909e-03
3.549999999999999822e-01 1.281935304116579577e-01 2.364011510667235992e-03
3.599999999999999867e-01 1.243689027150663567e-01 -6.952176405985136150e-04
3.649999999999999911e-01 1.190462473936964027e-01 -3.339770114733254299e-03
3.699999999999999956e-01 1.111892354850062270e-01 -4.871067749670607468e-03
3.750000000000000000e-01 1.064219620916313502e-01 -5.267462163947178415e-03
3.800000000000000044e-01 1.067776021004815945e-01 -5.012975706489175565e-03
3.850000000000000089e-01 1.093570788155830975e-01 -4.497977374578274873e-03
3.900000000000000133e-01 1.126250622226108306e-01 -4.645843970866187986e-03
3.950000000000000178e-01 1.163158864700055140e-01 -5.609162371454647425e-03
4.000000000000000222e-01 1.218945362728460213e-01 -6.842340334095348316e-03
4.050000000000000266e-01 1.263389960750140317e-01 -7.807704800404808784e-03
4.100000000000000311e-01 1.270332687312532016e-01 -8.157764328799076148e-03
4.150000000000000355e-01 1.263417934283648514e-01 -7.816543191118264025e-03
4.199999999999999845e-01 1.252749914945116838e-01 -7.249760746239426214e-03
4.249999999999999889e-01 1.236470036100158626e-01 -7.176382765232309190e-03
4.299999999999999933e-01 1.129788700081273134e-01 -7.870032184195368055e-03
4.349999999999999978e-01 9.616160620041945550e-02 -9.077816677927064148e-03
4.400000000000000022e-01 8.355754888499239419e-02 -1.028852376116299976e-02
4.450000000000000067e-01 7.709825212351692492e-02 -1.101018160223322939e-02
4.500000000000000111e-01 7.208168731847587607e-02 -1.115482820021792068e-02
4.550000000000000155e-01 6.956714026272152462e-02 -1.084812798795510395e-02
4.600000000000000200e-01 7.143639125626115305e-02 -1.025193136831340987e-02
4.650000000000000244e-01 7.688541543305277282e-02 -9.467799656858110272e-03
4.700000000000000289e-01 8.130380347511809158e-02 -8.963827110179284699e-03
4.750000000000000333e-01 8.115350123046384534e-02 -8.953955518317117945e-03
4.799999999999999822e-01 7.776061514943066744e-02 -9.187765444169977355e-03
4.849999999999999867e-01 7.319399714862805106e-02 -9.393337242393792405e-03
4.899999999999999911e-01 6.860335384189220065e-02 -9.374036588370028567e-03
4.949999999999999956e-01 6.299537019898841794e-02 -9.127061237359991586e-03
5.000000000000000000e-01 5.739905385519390030e-02 -8.741412364037345895e-03
5.050000000000000044e-01 5.376065093258767386e-02 -8.319548352207186553e-03
5.100000000000000089e-01 5.158206121136529182e-02 -8.002906999686171252e-03
5.150000000000000133e-01 4.983519356865356159e-02 -7.713028443285969808e-03
5.200000000000000178e-01 4.827168285954167720e-02 -7.631511580274664801e-03
5.250000000000000222e-01 4.629082148642224559e-02 -7.458464060432828599e-03
5.300000000000000266e-01 4.449427505338826583e-02 -7.336556324504825942e-03
5.350000000000000311e-01 4.349765083529991139e-02 -6.867261632939176269e-03
5.400000000000000355e-01 4.488632308518875763e-02 -5.987664084911689839e-03
5.450000000000000400e-01 4.871479320396035484e-02 -4.682541434848793392e-03
5.500000000000000444e-01 5.180936658799236566e-02 -3.602278268245119250e-03
5.550000000000000488e-01 5.186983805370200956e-02 -2.736573952220995153e-03
5.600000000000000533e-01 5.045451122411606648e-02 -3.102980702282950951e-03
5.650000000000000577e-01 4.833411945065121257e-02 -2.721839140590818270e-03
5.700000000000000622e-01 4.506486975491025282e-02 -2.206384221586817074e-03
5.750000000000000666e-01 3.855509634776364825e-02 -2.033617259730199304e-03
5.799999999999999600e-01 3.230578675113740528e-02 -1.769815526546371278e-03
5.849999999999999645e-01 3.075567360445576395e-02 -1.283531384221937768e-03
5.899999999999999689e-01 3.232792317614595345e-02 -7.264939160779128931e-04
5.949999999999999734e-01 3.467961276360044531e-02 2.395731647310852500e-04
5.999999999999999778e-01 3.569611014621421052e-02 1.244679435852789678e-03
6.049999999999999822e-01 3.565190208110642633e-02 2.035054279571907408e-03
6.099999999999999867e-01 3.552003744686025449e-02 2.833343176979064969e-03
6.149999999999999911e-01 3.533264323375719801e-02 3.654887754260244433e-03
6.199999999999999956e-01 3.272585790829107139e-02 4.412471099120123842e-03
6.250000000000000000e-01 2.681593011089197093e-02 5.111344561215973303e-03
6.300000000000000044e-01 2.142420533605748217e-02 5.849089053846514077e-03
6.350000000000000089e-01 1.878334597574254569e-02 6.667381989753386022e-03
6.400000000000000133e-01 1.675274737535079397e-02 7.539678141832398435e-03
6.450000000000000178e-01 1.525829921673832468e-02 8.424474120667541435e-03
6.500000000000000222e-01 1.434466076829490379e-02 9.322836312253911240e-03
6.550000000000000266e-01 1.385200539719084155e-02 1.028533256370845958e-02
6.600000000000000311e-01 1.333315909130511519e-02 1.123758747703416938e-02
6.650000000000000355e-01 1.210679542811314048e-02 1.207595596786214046e-02
6.700000000000000400e-01 7.813568977719819938e-03 1.278674483165966567e-02
6.750000000000000444e-01 2.527490406735998039e-03 1.344739276818279240e-02
6.800000000000000488e-01 -7.501364235071131563e-04 1.413853885915374899e-02
6.850000000000000533e-01 -2.377574231709707331e-03 1.486409571296871610e-02
6.900000000000000577e-01 -3.608232557774991838e-03 1.562004405907004533e-02
6.950000000000000622e-01 -4.547061403253021064e-03 1.637042791142512971e-02
7.000000000000000666e-01 -5.168723743950069151e-03 1.712500152487766297e-02
7.049999999999999600e-01 -5.616837996849510448e-03 1.789396710667557136e-02
7.099999999999999645e-01 -6.203260634292494767e-03 1.861179157118097657e-02
7.149999999999999689e-01 -7.884588319685244956e-03 1.925399677218558175e-02
7.199999999999999734e-01 -1.098416201500993818e-02 1.986432060973246025e-02
7.249999999999999778e-01 -1.363803734450503603e-02 2.041986630975283976e-02
7.299999999999999822e-01 -1.460620086432475213e-02 2.094879804721455976e-02
7.349999999999999867e-01 -1.521493409736414913e-02 2.142756485381069192e-02
7.399999999999999911e-01 -1.553675728505896601e-02 2.187378488483628786e-02
7.449999999999999956e-01 -1.545863271927240025e-02 2.240707351010496479e-02
7.500000000000000000e-01 -1.464980309519978846e-02 2.302528335485850772e-02
7.550000000000000044e-01 -1.372215482791955786e-02 2.351633565145288401e-02
7.600000000000000089e-01 -1.347422806579331826e-02 2.371132373226812404e-02
7.650000000000000133e-01 -1.505928669390888680e-02 2.382211873591040877e-02
7.700000000000000178e-01 -1.747930360914649872e-02 2.391455243420446269e-02
7.750000000000000222e-01 -1.869303618370363532e-02 2.397473186777504539e-02
7.800000000000000266e-01 -1.869405326901749445e-02 2.401762317017908793e-02
7.850000000000000311e-01 -1.841172421189348624e-02 2.407053348257659139e-02
7.900000000000000355e-01 -1.787007212949184159e-02 2.409324410364822866e-02
7.950000000000000400e-01 -1.393734970347482519e-02 2.120659313779408792e-02
8.000000000000000444e-01 -5.278904577206392987e-03 1.366315071224456085e-02
8.050000000000000488e-01 1.525462939434373824e-03 6.923407985254941346e-03
8.100000000000000533e-01 2.671457351498016802e-03 4.156327618348974046e-03
8.150000000000000577e-01 3.064329119938064873e-03 2.238131689308819634e-03
8.200000000000000622e-01 3.254642168169005496e-03 1.038058480046363027e-03
8.250000000000000666e-01 3.357844288237621724e-03 6.156063555016356038e-04
8.300000000000000711e-01 3.396738020716778828e-03 3.901297493300406351e-04
8.349999999999999645e-01 3.445695681347807088e-03 2.577170660088880520e-04
8.399999999999999689e-01 3.615326720235549456e-03 2.306707623168350490e-04
8.449999999999999734e-01 4.067390590882398287e-03 2.655735575319555664e-04
8.499999999999999778e-01 4.562206491404302740e-03 3.137727545715212913e-04
8.549999999999999822e-01 4.723731138688884272e-03 3.267995041080601587e-04
8.599999999999999867e-01 4.299368551165086254e-03 3.008925642397963026e-04
8.649999999999999911e-01 3.471904339773097294e-03 2.535717877611595424e-04
8.699999999999999956e-01 2.817828851307175014e-03 2.108354543883905036e-04
8.750000000000000000e-01 2.440164406750942264e-03 1.760118403784377160e-04
8.800000000000000044e-01 2.120269018975719146e-03 1.419739831166731030e-04
8.850000000000000089e-01 1.944201236959875552e-03 1.208851661045610331e-04
8.900000000000000133e-01 2.005042540019437002e-03 1.200537889577106830e-04
8.950000000000000178e-01 2.277804672002540446e-03 1.350714524448642700e-04
9.000000000000000222e-01 2.503526460936483268e-03 1.482786264441559405e-04
9.050000000000000266e-01 2.474830410734282869e-03 1.465906427215925723e-04
9.100000000000000311e-01 2.282433165086147388e-03 1.356579703367492840e-04
9.150000000000000355e-01 2.086186811103312843e-03 1.253613197197342433e-04
9.200000000000000400e-01 2.058818831863217652e-03 1.209122580852044091e-04
9.250000000000000444e-01 2.101916848734589668e-03 1.201072668007480869e-04
9.300000000000000488e-01 2.147195486124233495e-03 1.198741731454767138e-04
9.350000000000000533e-01 2.158031294436983834e-03 1.186205115249283306e-04
9.400000000000000577e-01 2.099809677351143714e-03 1.136304483979142118e-04
9.450000000000000622e-01 1.950871592645492866e-03 1.046496152975744543e-04
9.500000000000000666e-01 1.756571298762003809e-03 9.350390853492435183e-05
9.550000000000000711e-01 1.544907938656526732e-03 8.212065887650137909e-05
9.599999999999999645e-01 1.349139478174707796e-03 7.223601440591517222e-05
9.649999999999999689e-01 1.194208384628647280e-03 6.507003839655036933e-05
9.699999999999999734e-01 1.102549372162732900e-03 6.247672287559888728e-05
9.749999999999999778e-01 1.087946241730332591e-03 6.436503019183302673e-05
9.799999999999999822e-01 1.169563719101195456e-03 7.378335301105248616e-05
9.849999999999999867e-01 1.387797766621543232e-03 9.093999785387013471e-05
9.899999999999999911e-01 1.745890154259985587e-03 1.169699865577809281e-04
9.949999999999999956e-01 2.234737527344611216e-03 1.528047000504194710e-04
1.000000000000000000e+00 2.852229156386256771e-03 1.988808538285413100e-04
