9.165233013881733497e-04 4.168842648897286979e-02 -2.675193421560460166e-02
2.731188416524983186e-03 4.085947287574580311e-02 -2.752849664964612808e-02
4.517142563201400479e-03 4.023084734428699488e-02 -2.615370833851928672e-02
6.291424248778371489e-03 3.979588461962253743e-02 -2.402274266732593033e-02
8.070133577211993647e-03 3.954340039991214445e-02 -2.135492916884797199e-02
9.861743696010715279e-03 3.946817308429657889e-02 -1.842992871911333652e-02
1.166170828848530835e-02 3.956553234343996445e-02 -1.563461652579503300e-02
1.345894282209548348e-02 3.982545293111849211e-02 -1.336816817909976599e-02
1.524763017024880450e-02 4.023204224098535231e-02 -1.186226582124277548e-02
1.703057608399020928e-02 4.076846414779715377e-02 -1.114246872962129653e-02
1.881317209424554840e-02 4.142089927060318977e-02 -1.110082577183908736e-02
2.059681731177329805e-02 4.217894579596653121e-02 -1.152266549869796278e-02
2.238025467586238909e-02 4.303679688871479142e-02 -1.211607290402555437e-02
2.416226494959091906e-02 4.399726267929624651e-02 -1.261632979519712941e-02
2.594233399511435001e-02 4.507278339779300508e-02 -1.284025845385420792e-02
2.772073414220828022e-02 4.675475128180572870e-02 -1.250421450128972115e-02
2.949792445961073317e-02 4.952746256531511543e-02 -1.137696309038044654e-02
3.127398704213404240e-02 5.341365906780738693e-02 -9.436774173967179408e-03
3.304884428925609213e-02 5.843182478543083175e-02 -6.663220635136728881e-03
3.482249296402597366e-02 6.459401411489258671e-02 -3.024682622467685794e-03
3.659489500608476692e-02 7.190637023519334814e-02 1.516463491025160648e-03
3.836610575479652840e-02 8.036207242773336923e-02 6.992704625538331831e-03
4.013624952329180456e-02 8.994682589160064856e-02 1.344898918600163223e-02
4.190532461519319574e-02 1.006601589337010466e-01 2.094624070671562491e-02
4.367332020477069504e-02 1.252676388472925006e-01 3.810811084572276325e-02
4.544030958506997675e-02 1.709508528289353235e-01 6.984567791636465961e-02
4.720634003628338543e-02 2.311338653892310302e-01 1.117916514916357656e-01
4.897139696813657822e-02 2.992812208077489378e-01 1.595496054912077799e-01
5.073555839617807650e-02 3.688627753054655734e-01 2.087328515912099114e-01
5.249889915796514955e-02 4.333971460512189844e-01 2.550950989380840195e-01
5.426146139203942564e-02 4.865680369872948940e-01 2.945313420481455724e-01
5.602324221606252291e-02 5.223667400810965145e-01 3.229031021881647590e-01
5.778430689428559752e-02 5.353025238427939758e-01 3.359929203864602254e-01
5.954472652120646609e-02 5.307482467406589022e-01 3.368249456282960130e-01
6.130455457072338937e-02 5.196577925362440009e-01 3.323277863725098147e-01
6.306376760751040977e-02 5.046549174317118691e-01 3.238085717302714994e-01
6.482240965260833987e-02 4.885525069657365993e-01 3.125931474632324125e-01
6.658054327312304399e-02 4.744931549518313085e-01 3.000010796004614066e-01
6.833816112750971949e-02 4.660996637330864778e-01 2.874034180941748562e-01
7.009523001003520326e-02 4.673571813189668078e-01 2.762691933647023479e-01
7.185180015882410010e-02 4.831896692464019427e-01 2.681611342369617512e-01
7.360791120428185341e-02 5.169782961295361634e-01 2.646692546622186337e-01
7.536350958177030768e-02 6.117465496746512521e-01 2.919693298536679693e-01
7.711858050720502011e-02 8.065098151503016233e-01 3.732762808447336322e-01
7.887315577269898847e-02 1.073548444103869848e+00 4.936920345893993090e-01
8.062725842058376946e-02 1.386151779896171332e+00 6.384251354091800001e-01
8.238084564411354838e-02 1.718149309698121963e+00 7.928424463865179073e-01
8.413392971896774264e-02 2.045153662918867798e+00 9.423547937725691437e-01
8.588654445412341465e-02 2.346864540097056917e+00 1.072297130574273671e+00
8.763871722689609012e-02 2.608002801151409589e+00 1.167889234067863713e+00
8.939042039975400589e-02 2.813313903214505807e+00 1.214080285371453627e+00
9.114166645086875518e-02 2.966214155741502267e+00 1.217782185552833241e+00
9.289247775774205074e-02 3.101119072638045093e+00 1.212194140941422749e+00
9.464286082607870076e-02 3.214982347636758941e+00 1.199227339294539840e+00
9.639278755575127200e-02 3.310011528243809842e+00 1.180291035207423400e+00
9.814226368553580215e-02 3.390128349376057226e+00 1.156924774190751348e+00
9.989130331230812454e-02 3.460366734640766495e+00 1.130633908113690911e+00
1.016399122615006118e-01 3.525083876507859149e+00 1.102878348182200208e+00
1.033880937102153730e-01 3.588005861356161397e+00 1.075147896707987716e+00
1.051358686282587718e-01 3.655281373026015856e+00 1.048942621071996095e+00
1.068832557629621760e-01 3.729074817373182249e+00 1.023682361949174169e+00
1.086302672826907761e-01 3.805353392893983333e+00 9.952917298597213636e-01
1.103769179820996565e-01 3.882797016938185131e+00 9.646617201878955328e-01
1.121232267449761566e-01 3.959919498452749043e+00 9.329156382812962001e-01
1.138692148579157348e-01 4.034168877262142239e+00 9.011170926125883218e-01
1.156149040433927661e-01 4.103167464928058727e+00 8.701649817980979806e-01
1.173603077926851507e-01 4.164625772660687453e+00 8.410712404928284425e-01
1.191054364833140228e-01 4.216826859726310772e+00 8.151411962448845694e-01
1.208502991496981094e-01 4.262523045556451784e+00 7.937612944005449922e-01
1.225948935197827272e-01 4.306778939452348354e+00 7.777806997806696598e-01
1.243392032473570191e-01 4.355158157576959788e+00 7.657355142506200307e-01
1.260832127222172028e-01 4.404283039832023405e+00 7.565897464063607858e-01
1.278269096174032560e-01 4.452433973115988763e+00 7.493439736411215968e-01
1.295702869290812076e-01 4.497779165842072935e+00 7.431791349423757520e-01
1.313133368261207579e-01 4.537186404527409067e+00 7.375057037568192309e-01
1.330560440212270878e-01 4.569324028485551636e+00 7.318974495775719680e-01
1.347983853211943139e-01 4.594662724560258482e+00 7.257925277120820251e-01
1.365403415451407199e-01 4.611346949286946995e+00 7.181783124026354104e-01
1.382819115047297376e-01 4.611382486254349544e+00 7.072205991512170442e-01
1.400231109224379100e-01 4.558976160042454318e+00 6.889290875790425872e-01
1.417639578663612565e-01 4.462123766086961041e+00 6.643533404847465906e-01
1.435044795160198838e-01 4.335845604905956385e+00 6.354898742742420836e-01
1.452447158910014913e-01 4.183896785092997561e+00 6.041527220317030045e-01
1.469847112900838915e-01 4.045811501822871747e+00 5.719572829408505754e-01
1.487244937459566430e-01 3.916544717680353838e+00 5.405740323479596432e-01
1.504640927707658893e-01 3.792919644794643830e+00 5.120365218148302811e-01
1.522035444924957071e-01 3.717597611804584812e+00 4.887470694517056513e-01
1.539428770430542881e-01 3.695975561963160239e+00 4.726247724288945018e-01
1.556820903852892679e-01 3.693009486889737847e+00 4.597307881643706295e-01
1.574211969628974417e-01 3.692873391320894427e+00 4.478969639327883279e-01
1.591602140324777648e-01 3.695140235615232083e+00 4.367088107593497526e-01
1.608991521600467711e-01 3.700750657362804841e+00 4.263274041298920070e-01
1.626380025604385049e-01 3.709312716912203101e+00 4.171295556413265326e-01
1.643767766721762891e-01 3.718478888995347731e+00 4.090346764644738897e-01
1.661154876576944051e-01 3.725154185757881820e+00 4.013512380787064293e-01
1.678541400453832100e-01 3.726912481538058763e+00 3.932313702115116105e-01
1.695927211932597711e-01 3.722754008701598671e+00 3.842590438189549262e-01
1.713312394212419820e-01 3.698319293990269596e+00 3.748755712429520104e-01
1.730697037216930578e-01 3.649264711366282832e+00 3.656428349214876361e-01
1.748081129612101270e-01 3.579840985118585728e+00 3.565157047551488212e-01
1.765464619035414517e-01 3.494611627650263674e+00 3.472501877541009363e-01
1.782847712267353613e-01 3.398792565249584730e+00 3.378545642253032444e-01
1.800230645192041345e-01 3.298334719135982862e+00 3.287105544721583561e-01
1.817613512565616762e-01 3.198665477562076198e+00 3.200512943331908500e-01
1.834996448605983044e-01 3.104107473803943140e+00 3.115779031327377546e-01
1.852379765207184392e-01 3.019122494832636949e+00 3.030359237271614825e-01
1.869763754246931697e-01 2.939025356351577134e+00 2.943210058249829952e-01
1.887148487134732433e-01 2.856508729788768797e+00 2.855328388408113205e-01
1.904534148530118709e-01 2.772938890987559191e+00 2.767465776649796760e-01
1.921921036739887567e-01 2.689268540368655813e+00 2.674249997740531515e-01
1.939309433255001491e-01 2.606038266584191021e+00 2.572800168329313908e-01
1.956699399513185667e-01 2.524095287591636261e+00 2.469742245668485325e-01
1.974091119888254642e-01 2.444692510356695880e+00 2.374587674716848174e-01
1.991484812012599415e-01 2.369092698198883351e+00 2.288269462296559364e-01
2.008880651536959216e-01 2.298582589747436344e+00 2.205522112158085912e-01
2.026278612703220350e-01 2.233920448196828445e+00 2.125413426234552539e-01
2.043678860993443369e-01 2.174371275628807165e+00 2.054517866062421372e-01
2.061081601652640927e-01 2.118696872306124579e+00 1.997620645688518715e-01
2.078486958499252968e-01 2.065781607126265129e+00 1.950211664543716195e-01
2.095894892452117853e-01 2.014591577074120288e+00 1.906526999908508546e-01
2.113305572114340947e-01 1.963741865273017639e+00 1.866862106693913392e-01
2.130719203349632218e-01 1.911616965045174421e+00 1.834048453881124696e-01
2.148135909111200115e-01 1.856872533707240924e+00 1.804707985367101641e-01
2.165555746125592262e-01 1.798381168799229046e+00 1.771809261439128980e-01
2.182978977154495792e-01 1.734345763930934536e+00 1.733297562172103623e-01
2.200405895955880042e-01 1.663089051593821921e+00 1.690317745683690975e-01
2.217836660834100748e-01 1.586334011349824769e+00 1.642684997671443881e-01
2.235271438469753069e-01 1.506162732112887870e+00 1.584796992442467911e-01
2.252710522670781368e-01 1.424757260706868589e+00 1.519069067491252978e-01
2.270154203945171922e-01 1.344336215140550461e+00 1.455612731244483316e-01
2.287602593883842073e-01 1.266904256689420194e+00 1.396303699250708852e-01
2.305055900020634985e-01 1.194397676562512167e+00 1.334674389604852962e-01
2.322514424917624387e-01 1.128965280967366702e+00 1.273028059349178287e-01
2.339978434580456401e-01 1.071547954782099410e+00 1.222770406582334851e-01
2.357447970156382744e-01 1.017023494127390348e+00 1.179013859310946155e-01
2.374923206964631717e-01 9.646200105666176139e-01 1.131872095774505843e-01
2.392404373761825298e-01 9.144496547201100833e-01 1.080790225144905164e-01
2.409891650974239352e-01 8.668229020046271938e-01 1.035718913478164693e-01
2.427385058144406749e-01 8.220503148812905447e-01 9.981889144322880769e-02
2.444884796740227906e-01 7.803042012866081567e-01 9.605609288137137436e-02
2.462391094621227128e-01 7.417071268648408600e-01 9.236744848467073887e-02
2.479904103162265117e-01 7.065156697206430580e-01 8.954373482065139389e-02
2.497423862519427551e-01 6.749048983876327901e-01 8.737162935941121533e-02
2.514950580731618590e-01 6.461855209408228218e-01 8.523077787531450900e-02
2.532484466365033104e-01 6.197589557629082924e-01 8.355084287799575959e-02
2.550025601191572289e-01 5.952222936350861637e-01 8.278610030039718071e-02
2.567574030587019829e-01 5.723057972470226851e-01 8.210453159807512558e-02
2.585129941550826094e-01 5.506462416673710836e-01 8.102622485212322700e-02
2.602693519879173412e-01 5.296469531742378223e-01 8.026877156069471553e-02
2.620264787278726581e-01 5.088824528550391912e-01 7.976378179293379389e-02
2.637843844665430093e-01 4.881879743417937290e-01 7.842758071561217736e-02
2.655430892152226274e-01 4.671053603871794246e-01 7.636307860069239950e-02
2.673026106775142074e-01 4.452401346839577889e-01 7.433213545003930500e-02
2.690629478777430417e-01 4.227169980065200727e-01 7.179764761990545252e-02
2.708241143852699317e-01 4.004648505549905368e-01 6.819629840039810598e-02
2.725861292196357089e-01 3.792217277106435525e-01 6.440555434608138952e-02
2.743490066369536629e-01 3.582596939564821059e-01 6.073845282894736741e-02
2.761127449317868354e-01 3.369521710961828620e-01 5.643801478355740114e-02
2.778773600202663618e-01 3.163194323849896072e-01 5.198300344414368002e-02
2.796428697107764538e-01 2.975122172868264192e-01 4.826744236396941778e-02
2.814092829833458320e-01 2.803135207454135469e-01 4.477903129479301331e-02
2.831765998581543542e-01 2.635307278827151434e-01 4.120424427447449273e-02
2.849448386959955171e-01 2.476354424768594520e-01 3.829331958719242590e-02
2.867140186209940489e-01 2.331105340558783656e-01 3.585274035450775054e-02
2.884841436485103272e-01 2.198552163254517688e-01 3.354728263005944677e-02
2.902552185494935433e-01 2.078220687100847397e-01 3.192394507174313445e-02
2.920272609584652068e-01 1.969435830351732031e-01 3.075054747445827089e-02
2.938002868599180473e-01 1.869741414977829363e-01 2.956330895707680317e-02
2.955742928045823059e-01 1.777120987384579187e-01 2.891600719775624939e-02
2.973492866580693117e-01 1.691844556383805820e-01 2.862379753904872870e-02
2.991252840122675671e-01 1.608366328584611427e-01 2.795936985662268726e-02
3.009022972130348528e-01 1.528197629447803907e-01 2.752126183620104069e-02
3.026803215787469692e-01 1.452910593126351957e-01 2.727175389827356244e-02
3.044593696913714398e-01 1.382703050738594563e-01 2.633688969119094003e-02
3.062394571263954424e-01 1.319420295513250019e-01 2.536630583231358829e-02
3.080205912676531876e-01 1.267421045591249629e-01 2.460296974159972491e-02
3.098027682991840726e-01 1.229850456901536437e-01 2.315262837363741763e-02
3.115860018072117987e-01 1.208233320366691455e-01 2.155874186800015371e-02
3.133703057225789568e-01 1.203259204696434104e-01 2.019950413539259304e-02
3.151556793517544808e-01 1.203286141245408780e-01 1.835728299276945599e-02
3.169421224099146506e-01 1.205526703855341608e-01 1.650060299007291564e-02
3.187296473318586565e-01 1.208502164600710055e-01 1.489592508249607677e-02
3.205182652767019635e-01 1.210707660816893461e-01 1.308291681945598917e-02
3.223079692487908487e-01 1.214128902281949168e-01 1.151344732640929153e-02
3.240987643400080609e-01 1.220231070610048596e-01 1.017948603266626006e-02
3.258906631551940491e-01 1.225537688625239069e-01 8.900757239805660165e-03
3.276836764435872573e-01 1.228141235374282797e-01 8.032944254062434480e-03
3.294778012938607836e-01 1.232128456583915371e-01 7.243351125521785977e-03
3.312730528197805890e-01 1.242333366327652427e-01 6.761987583939116364e-03
3.330694494944126949e-01 1.255387342185241006e-01 6.711057195470965242e-03
3.348670009455542718e-01 1.269260763879774268e-01 6.480210084161986545e-03
3.366657099610576576e-01 1.285135623506007407e-01 6.593462709328649224e-03
3.384655954788954868e-01 1.301896603716790612e-01 6.848655865810297089e-03
3.402666764766849594e-01 1.314917385243369041e-01 6.751001665987715894e-03
3.420689563143252121e-01 1.322892217172991769e-01 6.923734465579589603e-03
3.438724449113969017e-01 1.327704933829853273e-01 6.781361140509291341e-03
3.456771614725573372e-01 1.327929984231550342e-01 6.337879122196680981e-03
3.474831223735636021e-01 1.323606269097294397e-01 6.069964113855245286e-03
3.492903249430946433e-01 1.316662955654214484e-01 5.343592527174142320e-03
3.510987779005693143e-01 1.307812182372104504e-01 4.559921190179457018e-03
3.529084928813764899e-01 1.296540139296292193e-01 3.675352532003690886e-03
3.547194753071798434e-01 1.283936660453977863e-01 2.528493901766411256e-03
3.565317221254521995e-01 1.270733579249681000e-01 1.495169070503565845e-03
3.583452462510318681e-01 1.256602514719029617e-01 3.058891102095985526e-04
3.601600600707930422e-01 1.242413245759190904e-01 -7.902101643722271584e-04
3.619761609173330341e-01 1.227538484693456999e-01 -1.850586068383470312e-03
3.637935493557882261e-01 1.207114518322545266e-01 -2.816966936210155148e-03
3.656122381932035981e-01 1.181336684655985431e-01 -3.584006284654057961e-03
3.674322424790372188e-01 1.152323024182797806e-01 -4.258612971022771032e-03
3.692535643248387456e-01 1.122949695549829985e-01 -4.677892877374259517e-03
3.710762194672437286e-01 1.097468648270469721e-01 -5.091916279639629311e-03
3.729002282698388182e-01 1.078375615187658482e-01 -5.206587198952259549e-03
3.747256052641356194e-01 1.065225411873500505e-01 -5.267939887804641563e-03
3.765523564301069825e-01 1.060702471172372818e-01 -5.249921729015498417e-03
3.783805021079923447e-01 1.062960253470224825e-01 -5.092772656788042973e-03
3.802100634075358809e-01 1.068572613969487467e-01 -4.998290525244843130e-03
3.820410485776490894e-01 1.077858980792004567e-01 -4.726443433922027093e-03
3.838734686711205990e-01 1.087497107083681552e-01 -4.613839886805498613e-03
3.857073420354894533e-01 1.097622582169047734e-01 -4.458374106320286967e-03
3.875426842142762340e-01 1.109615915094570998e-01 -4.472613144044630673e-03
3.893794963390523334e-01 1.122050481980517989e-01 -4.590642646138919092e-03
3.912177908338643761e-01 1.134415666661226646e-01 -4.790914129319631676e-03
3.930575830808136772e-01 1.146259061970765769e-01 -5.174761429650471395e-03
3.948988819431331621e-01 1.162181491849843540e-01 -5.585101635760127137e-03
3.967416915091013241e-01 1.181897264316003754e-01 -6.048377653649791158e-03
3.985860278956472325e-01 1.203075676141676931e-01 -6.507252344766404489e-03
4.004319059774062439e-01 1.223593499196162365e-01 -6.940676284916253574e-03
4.022793273178093543e-01 1.242200835328992198e-01 -7.338779354266224131e-03
4.041283008158852996e-01 1.257688106743188317e-01 -7.674333275503607971e-03
4.059788422957681941e-01 1.268064321431046915e-01 -7.931984831765784283e-03
4.078309652073414115e-01 1.272041734162729643e-01 -8.087023590555736732e-03
4.096846734131896484e-01 1.270610069389376817e-01 -8.159675028840886191e-03
4.115399830416944793e-01 1.268779024328385574e-01 -8.113643505109456242e-03
4.133969111698534982e-01 1.266171154267439758e-01 -7.984653097302342808e-03
4.152554648519999891e-01 1.262962684825104376e-01 -7.787467591831518862e-03
4.171156526254727881e-01 1.259573193784335188e-01 -7.562877685097901120e-03
4.189774921393962792e-01 1.255406348464744859e-01 -7.350495870754690866e-03
4.208409992471005001e-01 1.250425242377249391e-01 -7.187159856088223137e-03
4.227061770892241443e-01 1.245018965454436771e-01 -7.115923857199961747e-03
4.245730391366066558e-01 1.239373720859779232e-01 -7.155457332590842504e-03
4.264416014805125221e-01 1.218233894649028981e-01 -7.305729922373910279e-03
4.283118726611059301e-01 1.178026027399970421e-01 -7.554625029607376155e-03
4.301838571478536211e-01 1.124128758913990334e-01 -7.907672107235849679e-03
4.320575710850641515e-01 1.062143767645385567e-01 -8.327864831148546615e-03
4.339330299706318783e-01 9.975532269107577343e-02 -8.817768334450987872e-03
4.358102363068882545e-01 9.356922100179433655e-02 -9.276576221418962945e-03
4.376892025165688427e-01 8.822286890807061466e-02 -9.770766701421280606e-03
4.395699453314022009e-01 8.423030551815502420e-02 -1.019333153819809712e-02
4.414524747592255549e-01 8.162418630015896848e-02 -1.058697675271859893e-02
4.433367930691258785e-01 7.914935389706677371e-02 -1.084370952311039006e-02
4.452229158279631949e-01 7.683709416065921671e-02 -1.102860825106049929e-02
4.471108579132362926e-01 7.475323320172395924e-02 -1.115728033636062891e-02
4.490006196822743378e-01 7.293611704621971725e-02 -1.116399744660908841e-02
4.508922107138360058e-01 7.140712752043192058e-02 -1.113562860119040807e-02
4.527856474418388011e-01 7.028582820971798761e-02 -1.099432372317100080e-02
4.546809406257106834e-01 6.959863699832376238e-02 -1.087154818211855112e-02
4.565780906693752694e-01 6.948404556501411311e-02 -1.071266421928873842e-02
4.584771135491078065e-01 7.025195642309285671e-02 -1.044689631526160567e-02
4.603780257461979608e-01 7.178260838952407741e-02 -1.019804241282914678e-02
4.622808282289542214e-01 7.378010792707317966e-02 -9.863183268525610795e-03
4.641855308603085595e-01 7.593322588478393365e-02 -9.588585912973590988e-03
4.660921514506647378e-01 7.812440906752224357e-02 -9.309470085781141116e-03
4.680007012214737472e-01 7.998667133659845274e-02 -9.063452901415594565e-03
4.699111791588566622e-01 8.126988812844061771e-02 -8.968659612296939199e-03
4.718236022358290871e-01 8.177750809702022394e-02 -8.865066819796502823e-03
4.737379882209071247e-01 8.154833010491217837e-02 -8.893683471447613037e-03
4.756543374849114825e-01 8.086842154874911148e-02 -8.984683960557970223e-03
4.775726620556032809e-01 7.968733777191158718e-02 -9.034191753748166756e-03
4.794929830130462145e-01 7.818646966620990124e-02 -9.153552835730969367e-03
4.814153123812060509e-01 7.651446214017081082e-02 -9.273833710731666652e-03
4.833396489758711168e-01 7.474547319270506696e-02 -9.323826642783947932e-03
4.852660122260535336e-01 7.294592863162013829e-02 -9.402674050495062746e-03
4.871944217081554118e-01 7.115748422179425658e-02 -9.452335076735670846e-03
4.891248755983843566e-01 6.944431615101284705e-02 -9.384753932509695348e-03
4.910573876484597977e-01 6.752756168921207613e-02 -9.362240519064486677e-03
4.929919805135966060e-01 6.537011927520508525e-02 -9.309853762211106609e-03
4.949286645112200844e-01 6.307950766764060246e-02 -9.132354602577781588e-03
4.968674395450608516e-01 6.080174939678453794e-02 -9.009341013034605217e-03
4.988083291416826603e-01 5.862452174470922373e-02 -8.891424655928462789e-03
5.007513549603432867e-01 5.669160423070648824e-02 -8.638722803846192455e-03
5.026965133758717341e-01 5.512255908799719439e-02 -8.429127048667821309e-03
5.046438225733668181e-01 5.395285836429498938e-02 -8.344415003100524170e-03
5.065933073638216877e-01 5.297015763603371563e-02 -8.167773856815885303e-03
5.085449726862315556e-01 5.213413289753148633e-02 -8.002767248982158715e-03
5.104988218639787689e-01 5.139851667363209975e-02 -8.002934067046704736e-03
5.124548819881943329e-01 5.068925647760608166e-02 -7.923676513017832365e-03
5.144131734086438978e-01 5.002313974420218717e-02 -7.739789129535231890e-03
5.163736905210701833e-01 4.940841972423676981e-02 -7.678344393942016302e-03
5.183364602182026770e-01 4.880154387397544341e-02 -7.679056912261324717e-03
5.203015144082934196e-01 4.816876799246428559e-02 -7.618361226217688388e-03
5.222688546662994646e-01 4.742505399658708543e-02 -7.478647207831585868e-03
5.242384985518853124e-01 4.660144748762976019e-02 -7.449612032966291576e-03
5.262104824638810241e-01 4.581334786006532878e-02 -7.476259457611540531e-03
5.281848269777373872e-01 4.510128023097022959e-02 -7.438241930065313777e-03
5.301615337136450501e-01 4.444490695759829857e-02 -7.325104559840811547e-03
5.321406419446287339e-01 4.389708219839506126e-02 -7.140728759004339246e-03
5.341221875874390124e-01 4.355662017108233308e-02 -6.957662620858870266e-03
5.361061668911694111e-01 4.346300228008233291e-02 -6.735569833175041390e-03
5.380926112625752378e-01 4.390483573602019240e-02 -6.399345050021165021e-03
5.400815628090624987e-01 4.493567676730388788e-02 -5.969069977873948940e-03
5.420730267561955085e-01 4.637602399281707394e-02 -5.489742522140599566e-03
5.440670147927296751e-01 4.797066944769048241e-02 -4.970863961009797626e-03
5.460635703398515339e-01 4.953040232889607125e-02 -4.366070521391302202e-03
5.480627203857801888e-01 5.088565618186721012e-02 -3.934306493257331942e-03
5.500644606763305244e-01 5.182502227053083915e-02 -3.588888015502071996e-03
5.520688386177755591e-01 5.213099866076684186e-02 -3.046344113740918035e-03
5.540759001668305039e-01 5.200707383776226322e-02 -2.713794897209175286e-03
5.560856381630363554e-01 5.163604255812122290e-02 -2.797664039100123366e-03
5.580980928421488407e-01 5.107699388680426306e-02 -3.032562661917208476e-03
5.601133230244855765e-01 5.041436871051700047e-02 -3.103301972193293033e-03
5.621313392052070812e-01 4.963258146206376425e-02 -2.981135549885993719e-03
5.641521661860711134e-01 4.873121263982081730e-02 -2.821575709504723847e-03
5.661758724452542468e-01 4.775638404665091125e-02 -2.559884327820235918e-03
5.682024981865341218e-01 4.665448303741726727e-02 -2.278501266490608711e-03
5.702320464056039873e-01 4.482715154846808603e-02 -2.198896489594295324e-03
5.722645923455741412e-01 4.238221497305878771e-02 -2.140431254889723408e-03
5.743002023676903045e-01 3.956777781907783176e-02 -2.057346302112315461e-03
5.763388702616684123e-01 3.662663421278909703e-02 -1.987074316060623552e-03
5.783806642817230781e-01 3.398450200304842239e-02 -1.873789763484852433e-03
5.804256638033695737e-01 3.196739566225477447e-02 -1.738912752726448456e-03
5.824738632055542764e-01 3.081619789377732996e-02 -1.560558291217064002e-03
5.845253117535255116e-01 3.072304814162697684e-02 -1.334254742936713013e-03
5.865801052290946505e-01 3.111042080333410731e-02 -1.117482682642223502e-03
5.886382718944166426e-01 3.175469991309682466e-02 -8.995926816634815769e-04
5.906998362244770817e-01 3.265283340071094276e-02 -6.246278288710447116e-04
5.927649109278414485e-01 3.368035546305814254e-02 -2.517952164960510913e-04
5.948335649278757575e-01 3.461350446741073145e-02 2.023771534392019948e-04
5.969057996952722434e-01 3.534188200246028699e-02 6.672010776588854775e-04
5.989817422666662283e-01 3.570199829858509977e-02 1.069373963152627730e-03
6.010615031103065942e-01 3.568699313032409198e-02 1.418933799873642407e-03
6.031450762221634010e-01 3.567793714302464059e-02 1.753164302214102249e-03
6.052325956218557179e-01 3.564754319240825281e-02 2.070524110455304427e-03
6.073242117381171257e-01 3.559147954459587065e-02 2.393164895619926888e-03
6.094199274815885747e-01 3.554548810689771299e-02 2.737179900572352977e-03
6.115198792318283783e-01 3.543061103063365608e-02 3.086083017632656501e-03
6.136242636669382300e-01 3.534195810777861213e-02 3.432449591501301241e-03
6.157331132944813268e-01 3.532546065967284016e-02 3.771053809763459316e-03
6.178465456497248542e-01 3.451714554329606693e-02 4.094327423932654642e-03
6.199647857532384343e-01 3.275917519021728785e-02 4.407391969777806756e-03
6.220879047660297090e-01 3.044441237810292106e-02 4.706762070082266998e-03
6.242159915377477608e-01 2.780973425918579003e-02 5.000906103026876368e-03
6.263493209399582096e-01 2.513706672673892556e-02 5.304300069823766201e-03
6.284880291114154360e-01 2.276565130027149303e-02 5.618589294578936119e-03
6.306321774728390617e-01 2.096906204591582334e-02 5.947884904179861695e-03
6.327820933255549063e-01 1.982923780894889007e-02 6.295794438865795657e-03
6.349379746432691762e-01 1.881135285585293707e-02 6.656797236086598943e-03
6.370998266145113664e-01 1.787431659544777909e-02 7.032205754764812855e-03
6.392679745557521276e-01 1.702538341112369916e-02 7.411768382349715259e-03
6.414426319422955602e-01 1.624647782645954885e-02 7.792396707705136726e-03
6.436237499213990354e-01 1.559510989575586121e-02 8.180115025499916370e-03
6.458116969042259070e-01 1.507797004303990454e-02 8.568297835761799069e-03
6.480067505456628130e-01 1.463879356000895651e-02 8.955639461554608383e-03
6.502088356379712719e-01 1.431907939296168074e-02 9.362000059877827185e-03
6.524183615669678638e-01 1.409345637820773149e-02 9.784261675418291435e-03
6.546356574157806696e-01 1.388437535978006253e-02 1.021446212794628432e-02
6.568606259475145981e-01 1.368893689200414293e-02 1.064678901171847193e-02
6.590937227740084614e-01 1.345036964612050107e-02 1.107071681919145553e-02
6.613353181651042689e-01 1.313473094885649929e-02 1.147638159298564053e-02
6.635852947168938698e-01 1.271793252448753103e-02 1.185437104209760041e-02
6.658441333827477271e-01 1.160590401831612835e-02 1.220319407098561029e-02
6.681121925741554390e-01 9.732407111147674608e-03 1.252918541770439535e-02
6.703893453751499365e-01 7.399789042748738943e-03 1.283908296345210795e-02
6.726761327685868430e-01 4.900170327712616292e-03 1.314281237193773606e-02
6.749729137777035204e-01 2.552392152040581196e-03 1.344380534121882020e-02
6.772796302923725920e-01 6.268030866624404573e-04 1.375264884771288700e-02
6.795969396148371366e-01 -5.853314005013412081e-04 1.408013683347833847e-02
6.819252251929959208e-01 -1.424025869870720364e-03 1.442125902841964562e-02
6.842645591614949785e-01 -2.167832935417794617e-03 1.475778108298901430e-02
6.866156192261516633e-01 -2.806909194932507862e-03 1.510058814637926274e-02
6.889786384844472922e-01 -3.380173303065492178e-03 1.546286212563855941e-02
6.913537909023963479e-01 -3.890675677463364610e-03 1.582747005193597262e-02
6.937417243300827430e-01 -4.329259427384533378e-03 1.618598350438165898e-02
6.961425537841231526e-01 -4.726647944380966276e-03 1.653824830926056005e-02
6.985566102527556165e-01 -5.030339165065496852e-03 1.690273835245882997e-02
7.009844542546654900e-01 -5.255925669693291974e-03 1.727743057878067257e-02
7.034261631484349797e-01 -5.469823478571059043e-03 1.765560487842948029e-02
7.058821691016140543e-01 -5.704964420402428883e-03 1.802523673209426025e-02
7.083528919803734336e-01 -5.983154540095585519e-03 1.838289724289667720e-02
7.108384408460678427e-01 -6.348127725013930252e-03 1.872469570449004223e-02
7.133392512944832786e-01 -7.086224495414510105e-03 1.904583082765067686e-02
7.158555735275177190e-01 -8.364330047098064713e-03 1.935989733437182975e-02
7.183875921496821748e-01 -9.943068460261904329e-03 1.966860968907747920e-02
7.209356464719619551e-01 -1.156553920023863091e-02 1.997496245874407633e-02
7.234999000453203877e-01 -1.299468918273912789e-02 2.026122433316277990e-02
7.260805803903267464e-01 -1.397658423082919453e-02 2.053339573265811763e-02
7.286779285285398533e-01 -1.441356673505233936e-02 2.081243248135044438e-02
7.312921237123330975e-01 -1.478005342865020000e-02 2.107809864730660412e-02
7.339233811878120850e-01 -1.510165900262547441e-02 2.132855008656916324e-02
7.365719291146071157e-01 -1.535443740717459468e-02 2.156963373961262934e-02
7.392379641402870849e-01 -1.550881574049050617e-02 2.180734687023017787e-02
7.419217071657053797e-01 -1.557928530323837019e-02 2.204779291723566598e-02
7.446234142399397182e-01 -1.548553842827641962e-02 2.235983742706924154e-02
7.473432655880315467e-01 -1.513279676815677474e-02 2.271471792455264857e-02
7.500815380336428584e-01 -1.463441390776682935e-02 2.303461706419077798e-02
7.528384366457022692e-01 -1.409714174052850363e-02 2.334422526569660331e-02
7.556141670398498489e-01 -1.363875952316260035e-02 2.355248715276834354e-02
7.584089673865819226e-01 -1.337337162466551918e-02 2.366566088553051159e-02
7.612229704811409592e-01 -1.363967997013270858e-02 2.374140981290619179e-02
7.640564297128220606e-01 -1.463652403835090897e-02 2.380201658796723616e-02
7.669094880559752525e-01 -1.601023226281688902e-02 2.386129041974470455e-02
7.697823656076535626e-01 -1.738947825829818827e-02 2.391156612457690650e-02
7.726752625954494968e-01 -1.841131348343184870e-02 2.394558890685578173e-02
7.755883620302740367e-01 -1.871169387523469521e-02 2.398109741931024608e-02
7.785219240958105580e-01 -1.871970143304715201e-02 2.400588410170150303e-02
7.814761207998708326e-01 -1.864086022879462082e-02 2.403034827641612609e-02
7.844512387635594886e-01 -1.845506787982077387e-02 2.406536938953807853e-02
7.874474730914295950e-01 -1.817373076200523574e-02 2.408815356104609257e-02
7.904651110399792957e-01 -1.777934804340411401e-02 2.409340815293935581e-02
7.935043905727873215e-01 -1.584167560426602561e-02 2.273923639481431960e-02
7.965655954311384734e-01 -1.137465263985596754e-02 1.903650457830664833e-02
7.996490099512467697e-01 -5.879539434098051374e-03 1.421076811559842876e-02
8.027549253177277411e-01 -9.050064355876312602e-04 9.509509630340794509e-03
8.058836842466075012e-01 2.013952824911216001e-03 6.189948091572154178e-03
8.090355920324920902e-01 2.558195659715776886e-03 4.593698266695608531e-03
8.122110191784959188e-01 2.876036638586158128e-03 3.237287568161218744e-03
8.154102901598481168e-01 3.085635426191298165e-03 2.112147779960531040e-03
8.186337946229933493e-01 3.214436959486977486e-03 1.279112906307259710e-03
8.218818764976600910e-01 3.300272866081024967e-03 8.001487332961392885e-04
8.251549375481658233e-01 3.359748108338735193e-03 6.075606562838733191e-04
8.284533492961114742e-01 3.388748580710353522e-03 4.513693767308885312e-04
8.317775364112303116e-01 3.406421525036578205e-03 3.313324981322177034e-04
8.351279121129460137e-01 3.447820635481232618e-03 2.560872552495689885e-04
8.385049225848327792e-01 3.535912639505691020e-03 2.279469390699321424e-04
8.419089961489876206e-01 3.758310408686978306e-03 2.388068179245192012e-04
8.453405727893186228e-01 4.102340424044988686e-03 2.688253967612446154e-04
8.488001018400921360e-01 4.453247752034345842e-03 3.030568140155281672e-04
8.522880435993043235e-01 4.703760521738384673e-03 3.269429167175799266e-04
8.558048808091568427e-01 4.724973162166354497e-03 3.267031496010477151e-04
8.593511010752863388e-01 4.384402085484398991e-03 3.058502741729631218e-04
8.629272162700347693e-01 3.823498301961467376e-03 2.739320152172814880e-04
8.665337392541746508e-01 3.232607569882902775e-03 2.390095665196772677e-04
8.701712037480247020e-01 2.801759287979558623e-03 2.095586335580479451e-04
8.738401752987916549e-01 2.524417232116911349e-03 1.843835117667972203e-04
8.775412135874012254e-01 2.266898982081802429e-03 1.578617171004084848e-04
8.812749495449734294e-01 2.060215251566796264e-03 1.351360494557404758e-04
8.850419414752664915e-01 1.944176688805724631e-03 1.208425585679291392e-04
8.888428176850455831e-01 1.972676984011189402e-03 1.187493968073763428e-04
8.926781272433425007e-01 2.143383218020215603e-03 1.277125563915694679e-04
8.965485075573245144e-01 2.360990274122748249e-03 1.397756731375459705e-04
9.004545497711679003e-01 2.506895564211042773e-03 1.484834192687415049e-04
9.043968545244923662e-01 2.484451426393463440e-03 1.471675946093133612e-04
9.083761625614793500e-01 2.350620378015767439e-03 1.392475678278983658e-04
9.123932147964329831e-01 2.182274382708061962e-03 1.304577078743241272e-04
9.164489528862906909e-01 2.061749158231371021e-03 1.233795271912896591e-04
9.205442921174704640e-01 2.058764052190394621e-03 1.207445517785836340e-04
9.246802276311046898e-01 2.098780706635137300e-03 1.201256584115329828e-04
9.288579371755228964e-01 2.138814877948492284e-03 1.199612385312046070e-04
9.330785406447608121e-01 2.161869373346972985e-03 1.194165124641362135e-04
9.373434176309928256e-01 2.145740950668638142e-03 1.169195453107687590e-04
9.416540768206272949e-01 2.057436807162924767e-03 1.109922145359580332e-04
9.460119659599132147e-01 1.914429241568434571e-03 1.025366024545006972e-04
9.504187938686554649e-01 1.739340776590860439e-03 9.254599764223497978e-05
9.548762526300509368e-01 1.549988553979190836e-03 8.238520645140126749e-05
9.593859819882999407e-01 1.371102683177147794e-03 7.331219020691108587e-05
9.639498307268974386e-01 1.222002784360780346e-03 6.625303839013120674e-05
9.685694131252406969e-01 1.119621744713147383e-03 6.241509347725347605e-05
9.732460853108519938e-01 1.080630304071810441e-03 6.300156793811102524e-05
9.779804967787355530e-01 1.122416021626976681e-03 6.922646240151966637e-05
9.827723172619218239e-01 1.274031741465492425e-03 8.230278304872446675e-05
9.876212083912111472e-01 1.559740704723908133e-03 1.034356922926461711e-04
9.925280046352743524e-01 1.977633605123769577e-03 1.338260155637713842e-04
9.974942266114290579e-01 2.528530641126679277e-03 1.746784105972644917e-04
