0.000000000000000000e+00
8.048244600000000609e-03
1.609779039999999911e-02
2.414846299999999849e-02
3.220015930000000304e-02
4.025265449999999856e-02
4.830555880000000218e-02
5.635828369999999754e-02
6.441002880000000486e-02
7.245979880000000262e-02
8.050646070000000432e-02
8.854882940000000091e-02
9.658575930000000420e-02
1.046162300000000045e-01
1.126394160000000061e-01
1.206547300000000017e-01
1.286618190000000106e-01
1.366605230000000060e-01
1.446508139999999887e-01
1.526327369999999906e-01
1.606063450000000115e-01
1.685716549999999869e-01
1.765286120000000014e-01
1.844770769999999893e-01
1.924168400000000057e-01
2.003476399999999935e-01
2.082691869999999945e-01
2.161811750000000032e-01
2.240833010000000125e-01
2.319752720000000101e-01
2.398568050000000063e-01
2.477276290000000047e-01
2.555874819999999770e-01
2.634361120000000001e-01
2.712732729999999814e-01
2.790987280000000181e-01
2.869122439999999830e-01
2.947135949999999949e-01
3.025025559999999780e-01
3.102789069999999927e-01
3.180424259999999892e-01
3.257928939999999995e-01
3.335300950000000264e-01
3.412538099999999908e-01
3.489638230000000063e-01
3.566599200000000192e-01
3.643418869999999754e-01
3.720095119999999866e-01
3.796625880000000230e-01
3.873009099999999982e-01
3.949242780000000175e-01
4.025324980000000163e-01
4.101253810000000111e-01
4.177027469999999854e-01
4.252644219999999753e-01
4.328102409999999844e-01
4.403400459999999850e-01
4.478536859999999731e-01
4.553510199999999952e-01
4.628319120000000120e-01
4.702962359999999786e-01
4.777438660000000170e-01
4.851746860000000217e-01
4.925885799999999981e-01
4.999854320000000074e-01
5.073651289999999703e-01
5.147275529999999488e-01
5.220725840000000062e-01
5.294000949999999595e-01
5.367099520000000457e-01
5.440020159999999771e-01
5.512761349999999450e-01
5.585321479999999505e-01
5.657698810000000300e-01
5.729891480000000037e-01
5.801897480000000051e-01
5.873714639999999543e-01
5.945340620000000298e-01
6.016772889999999485e-01
6.088008729999999646e-01
6.159045140000000140e-01
6.229878899999999886e-01
6.300506479999999909e-01
6.370924000000000031e-01
6.441127169999999458e-01
6.511111250000000128e-01
6.580870939999999836e-01
6.650400290000000325e-01
6.719692649999999823e-01
6.788740549999999763e-01
6.857535540000000429e-01
6.926068029999999931e-01
6.994327059999999596e-01
7.062299969999999982e-01
7.129971910000000301e-01
7.197325369999999500e-01
7.264339520000000494e-01
7.330989660000000185e-01
7.397246990000000411e-01
7.463078690000000126e-01
7.528448570000000339e-01
7.593318100000000515e-01
7.657647969999999971e-01
7.721399960000000506e-01
7.784538939999999796e-01
7.847034600000000193e-01
7.908862719999999458e-01
7.970005679999999648e-01
8.030452470000000176e-01
8.090198079999999514e-01
8.149242509999999884e-01
8.207589539999999850e-01
8.265245460000000266e-01
8.322218049999999812e-01
8.378515739999999878e-01
8.434147069999999857e-01
8.489120329999999548e-01
8.543443459999999767e-01
8.597123989999999605e-01
8.650169070000000016e-01
8.702585419999999683e-01
8.754379410000000528e-01
8.805557029999999674e-01
8.856123879999999726e-01
8.906085169999999884e-01
8.955445690000000125e-01
9.004209800000000374e-01
9.052381480000000202e-01
9.099964240000000260e-01
9.146961200000000014e-01
9.193375040000000276e-01
9.239208039999999844e-01
9.284462110000000212e-01
9.329138790000000014e-01
9.373239300000000274e-01
9.416764539999999961e-01
9.459715130000000416e-01
9.502091400000000077e-01
9.543893359999999770e-01
9.585120649999999687e-01
9.625772360000000027e-01
9.665846890000000524e-01
9.705341650000000042e-01
9.744252810000000320e-01
9.782575359999999831e-01
9.820303870000000046e-01
9.857434000000000474e-01
9.893963980000000102e-01
9.929895930000000037e-01
9.965236939999999599e-01
1.000000000000000000e+00
