0.000000000000000000e+00
6.666666669999999836e-03
1.333333329999999983e-02
2.000000000000000042e-02
2.666666670000000100e-02
3.333333329999999678e-02
4.000000000000000083e-02
4.666666669999999795e-02
5.333333330000000067e-02
5.999999999999999778e-02
6.666666670000000183e-02
7.333333329999999761e-02
8.000000000000000167e-02
8.666666670000000572e-02
9.333333330000000150e-02
1.000000000000000056e-01
1.066666670000000067e-01
1.133333329999999944e-01
1.199999999999999956e-01
1.266666670000000106e-01
1.333333329999999983e-01
1.400000000000000133e-01
1.466666670000000006e-01
1.533333329999999883e-01
1.600000000000000033e-01
1.666666669999999906e-01
1.733333330000000061e-01
1.799999999999999933e-01
1.866666670000000083e-01
1.933333329999999961e-01
2.000000000000000111e-01
2.066666669999999983e-01
2.133333330000000139e-01
2.200000000000000011e-01
2.266666669999999884e-01
2.333333330000000039e-01
2.399999999999999911e-01
2.466666670000000061e-01
2.533333329999999939e-01
2.600000000000000089e-01
2.666666670000000239e-01
2.733333330000000116e-01
2.800000000000000266e-01
2.866666669999999861e-01
2.933333329999999739e-01
2.999999999999999889e-01
3.066666670000000039e-01
3.133333329999999917e-01
3.200000000000000067e-01
3.266666670000000217e-01
3.333333330000000094e-01
3.400000000000000244e-01
3.466666669999999839e-01
3.533333330000000272e-01
3.599999999999999867e-01
3.666666670000000017e-01
3.733333329999999894e-01
3.800000000000000044e-01
3.866666670000000194e-01
3.933333330000000072e-01
4.000000000000000222e-01
4.066666669999999817e-01
4.133333330000000250e-01
4.199999999999999845e-01
4.266666669999999995e-01
4.333333329999999872e-01
4.400000000000000022e-01
4.466666670000000172e-01
4.533333330000000050e-01
4.600000000000000200e-01
4.666666669999999795e-01
4.733333330000000227e-01
4.799999999999999822e-01
4.866666669999999972e-01
4.933333329999999850e-01
5.000000000000000000e-01
5.066666669999999595e-01
5.133333329999999473e-01
5.200000000000000178e-01
5.266666669999999773e-01
5.333333329999999650e-01
5.400000000000000355e-01
5.466666669999999950e-01
5.533333329999999828e-01
5.600000000000000533e-01
5.666666670000000128e-01
5.733333330000000005e-01
5.799999999999999600e-01
5.866666670000000305e-01
5.933333330000000183e-01
5.999999999999999778e-01
6.066666670000000483e-01
6.133333330000000361e-01
6.199999999999999956e-01
6.266666669999999550e-01
6.333333330000000538e-01
6.400000000000000133e-01
6.466666669999999728e-01
6.533333329999999606e-01
6.600000000000000311e-01
6.666666669999999906e-01
6.733333329999999783e-01
6.800000000000000488e-01
6.866666670000000083e-01
6.933333329999999961e-01
6.999999999999999556e-01
7.066666670000000261e-01
7.133333330000000139e-01
7.199999999999999734e-01
7.266666670000000439e-01
7.333333330000000316e-01
7.399999999999999911e-01
7.466666669999999506e-01
7.533333330000000494e-01
7.600000000000000089e-01
7.666666669999999684e-01
7.733333329999999561e-01
7.800000000000000266e-01
7.866666669999999861e-01
7.933333329999999739e-01
8.000000000000000444e-01
8.066666670000000039e-01
8.133333329999999917e-01
8.199999999999999512e-01
8.266666670000000217e-01
8.333333330000000094e-01
8.399999999999999689e-01
8.466666670000000394e-01
8.533333330000000272e-01
8.599999999999999867e-01
8.666666669999999462e-01
8.733333330000000450e-01
8.800000000000000044e-01
8.866666669999999639e-01
8.933333329999999517e-01
9.000000000000000222e-01
9.066666669999999817e-01
9.133333329999999695e-01
9.200000000000000400e-01
9.266666669999999995e-01
9.333333329999999872e-01
9.399999999999999467e-01
9.466666670000000172e-01
9.533333330000000050e-01
9.599999999999999645e-01
9.666666670000000350e-01
9.733333330000000227e-01
9.799999999999999822e-01
9.866666670000000527e-01
9.933333330000000405e-01
1.000000000000000000e+00
